1 4.80052900314331
2 5.1806001663208
3 4.79668235778809
4 4.6073751449585
5 8.03541946411133
6 6.08394050598145
7 5.34986925125122
8 5.60059022903442
9 6.36919212341309
10 5.45763397216797
11 5.64921617507935
12 5.40947532653809
13 5.79195690155029
14 4.60134363174438
15 6.21083068847656
16 5.6823844909668
17 5.61052751541138
18 6.26402616500854
19 5.86585807800293
20 6.08989429473877
21 6.03357839584351
22 5.35774326324463
23 5.6554160118103
24 5.19717359542847
25 5.18399381637573
26 5.43109130859375
27 5.75834798812866
28 5.12170076370239
29 4.99917697906494
30 5.60073184967041
31 5.71223592758179
32 5.6143741607666
33 5.41030836105347
34 5.36694765090942
35 5.14714097976685
36 5.0237512588501
37 5.00324869155884
38 4.67113924026489
39 4.84501218795776
40 5.00105142593384
41 4.71723079681396
42 4.69840335845947
43 4.7800030708313
44 4.62339448928833
45 4.72181129455566
46 4.3690619468689
47 4.47056818008423
48 4.4465012550354
49 4.41962146759033
50 4.12922239303589
51 4.05244064331055
52 4.1620717048645
53 4.01290082931519
54 4.0648946762085
55 3.81779956817627
56 3.66463279724121
57 3.76316046714783
58 3.65189409255981
59 3.3560357093811
60 3.16991376876831
61 3.12135577201843
62 3.13063263893127
63 3.15346908569336
64 3.03863263130188
65 2.95388507843018
66 2.92130851745605
67 3.05526471138
68 2.99348306655884
69 2.84138226509094
70 2.90805888175964
71 2.70365071296692
72 2.63566589355469
73 2.66446232795715
74 2.72084927558899
75 2.58924269676208
76 2.52981185913086
77 2.38083028793335
78 2.41422057151794
79 2.38664793968201
80 2.45494174957275
81 2.31061244010925
82 2.3509464263916
83 2.16843366622925
84 2.33180522918701
85 2.20682215690613
86 2.20382595062256
87 2.22743535041809
88 2.10613989830017
89 2.17544674873352
90 2.05969595909119
91 1.99056422710419
92 1.96082234382629
93 2.15983724594116
94 2.09653735160828
95 2.05416369438171
96 1.95423650741577
97 1.88496088981628
98 1.85835742950439
99 1.8792679309845
100 1.8485232591629
101 1.8608740568161
102 1.81509268283844
103 1.76405704021454
104 1.88672184944153
105 1.92089700698853
106 1.76725172996521
107 1.84740793704987
108 1.8441686630249
109 1.75052964687347
110 1.84106409549713
111 1.69304978847504
112 1.77369129657745
113 1.72397065162659
114 1.82049834728241
115 1.69212162494659
116 1.66374099254608
117 1.73729276657104
118 1.57866644859314
119 1.62162065505981
120 1.75079870223999
121 1.49950551986694
122 1.53387677669525
123 1.59151387214661
124 1.55854821205139
125 1.58600986003876
126 1.57702136039734
127 1.52681064605713
128 1.57495284080505
129 1.49284410476685
130 1.5134893655777
131 1.54455769062042
132 1.5239223241806
133 1.50832939147949
134 1.48553645610809
135 1.46700525283813
136 1.48267161846161
137 1.47165656089783
138 1.42917656898499
139 1.37671649456024
140 1.32456409931183
141 1.43096125125885
142 1.35894429683685
143 1.52913439273834
144 1.35774827003479
145 1.33396863937378
146 1.38225114345551
147 1.31238746643066
148 1.40156447887421
149 1.33533692359924
150 1.29696476459503
151 1.27956807613373
152 1.32945108413696
153 1.31167757511139
154 1.3381519317627
155 1.31402993202209
156 1.28249859809875
157 1.30575215816498
158 1.30694532394409
159 1.25101792812347
160 1.32948768138885
161 1.28298723697662
162 1.23166298866272
163 1.24063289165497
164 1.35901761054993
165 1.2096643447876
166 1.2878520488739
167 1.24849033355713
168 1.20573031902313
169 1.20569276809692
170 1.24359381198883
171 1.25876033306122
172 1.13240480422974
173 1.21412813663483
174 1.15330612659454
175 1.24831104278564
176 1.17328691482544
177 1.17557632923126
178 1.19768071174622
179 1.14238035678864
180 1.11634314060211
181 1.13649463653564
182 1.11875820159912
183 1.09978640079498
184 1.14974439144135
185 1.20812594890594
186 1.09708750247955
187 1.12941682338715
188 1.11649787425995
189 1.03081655502319
190 1.06793820858002
191 1.08350491523743
192 1.074662566185
193 1.10420739650726
194 1.06901562213898
195 1.13887333869934
196 1.07650446891785
197 1.17483854293823
198 1.05958843231201
199 1.11170446872711
200 1.07370722293854
201 1.12350559234619
202 1.04417288303375
203 0.993747711181641
204 1.08062624931335
205 1.00007474422455
206 0.978830516338348
207 1.02351176738739
208 1.07696545124054
209 1.00570452213287
210 1.01713883876801
211 1.00026404857635
212 1.0757143497467
213 1.06420278549194
214 1.0407886505127
215 1.01295804977417
216 1.02285397052765
217 1.08521139621735
218 1.06719279289246
219 0.955403029918671
220 1.06846857070923
221 1.10801911354065
222 1.09421503543854
223 1.00389134883881
224 1.02591288089752
225 1.01128435134888
226 0.889081537723541
227 0.954401850700378
228 1.01053404808044
229 1.00224149227142
230 0.985479652881622
231 0.911055445671082
232 0.960725367069244
233 1.01963329315186
234 0.974113166332245
235 1.04376220703125
236 1.04853880405426
237 0.930246472358704
238 0.987427771091461
239 1.00566852092743
240 1.00504732131958
241 0.984973788261414
242 0.976572275161743
243 0.953449726104736
244 0.935279011726379
245 0.982568144798279
246 0.947516322135925
247 0.991968274116516
248 0.95514839887619
249 0.930040597915649
250 0.942596316337585
251 0.935376644134521
252 1.02371025085449
253 0.952469348907471
254 1.06531834602356
255 1.00663304328918
256 0.887619972229004
257 0.970356464385986
258 0.984506785869598
259 0.94243985414505
260 0.970651984214783
261 1.03872871398926
262 0.948655903339386
263 1.03626096248627
264 0.970378756523132
265 0.997995972633362
266 0.987393736839294
267 0.950535833835602
268 0.958143472671509
269 1.01694333553314
270 0.982782125473022
271 1.05112075805664
272 0.950108110904694
273 0.988873183727264
274 1.03187012672424
275 0.979662358760834
276 1.08492994308472
277 0.959006905555725
278 0.992186009883881
279 0.966660022735596
280 0.974743902683258
281 1.13348293304443
282 0.992955207824707
283 1.12147307395935
284 0.943892180919647
285 0.951087832450867
286 1.02186870574951
287 1.11437845230103
288 1.02247524261475
289 0.968955814838409
290 0.961269557476044
291 1.0812429189682
292 0.974793314933777
293 0.997409105300903
294 1.07333362102509
295 1.02885806560516
296 1.0667918920517
297 0.985249221324921
298 1.06757974624634
299 1.12237954139709
300 1.01759159564972
301 1.10295939445496
302 1.05753767490387
303 1.16872096061707
304 1.08016324043274
305 1.07616031169891
306 1.17609477043152
307 1.15013492107391
308 1.05378484725952
309 1.06538987159729
310 1.09666097164154
311 1.13025641441345
312 1.20302140712738
313 1.12448513507843
314 1.12398397922516
315 1.12521433830261
316 1.22356688976288
317 1.06573891639709
318 1.05389404296875
319 1.13781094551086
320 1.05430698394775
321 1.14169585704803
322 1.22426331043243
323 1.14802551269531
324 1.08368957042694
325 1.08297896385193
326 1.07796347141266
327 1.16857206821442
328 1.1638400554657
329 1.02809023857117
330 1.08846974372864
331 1.23382294178009
332 1.09244465827942
333 1.19504475593567
334 1.08134841918945
335 1.09308218955994
336 1.11284458637238
337 1.10442018508911
338 1.19245266914368
339 1.20182001590729
340 1.12069535255432
341 1.25101733207703
342 1.14199137687683
343 1.06035816669464
344 1.14587497711182
345 1.20691883563995
346 1.17602264881134
347 1.20655286312103
348 1.17925190925598
349 1.05870723724365
350 1.26517307758331
351 1.14477503299713
352 1.16905760765076
353 1.09105098247528
354 1.11908304691315
355 1.08171999454498
356 1.17038154602051
357 1.17383551597595
358 1.12192451953888
359 0.992051362991333
360 1.2262544631958
361 1.17663979530334
362 1.21374118328094
363 1.11786794662476
364 1.21156311035156
365 1.19678580760956
366 1.14248740673065
367 1.13068115711212
368 1.23044002056122
369 1.04123020172119
370 1.08978354930878
371 1.13880705833435
372 1.09002876281738
373 1.11013782024384
374 1.04331409931183
375 1.14027690887451
376 1.20592379570007
377 1.04676175117493
378 1.21424853801727
379 1.21438217163086
380 1.12369418144226
381 1.03357017040253
382 1.14565563201904
383 1.08766722679138
384 1.16590321063995
385 1.17431306838989
386 1.19010603427887
387 1.20854723453522
388 1.18447613716125
389 1.2300900220871
390 1.1554811000824
391 1.10288560390472
392 1.24003028869629
393 1.12766563892365
394 1.15140926837921
395 1.15554165840149
396 1.34480464458466
397 1.06860864162445
398 1.20318472385406
399 1.15127182006836
400 1.13740658760071
401 1.25539207458496
402 1.14899957180023
403 1.11443674564362
404 1.12827885150909
405 1.27025938034058
406 1.24988555908203
407 1.20230185985565
408 1.15300393104553
409 1.14489042758942
410 1.21367084980011
411 1.18877756595612
412 1.1541143655777
413 1.22874224185944
414 1.12560021877289
415 1.03003859519958
416 1.13431882858276
417 1.16651678085327
418 1.12175858020782
419 1.16294491291046
420 1.20306408405304
421 1.17203593254089
422 1.20840632915497
423 1.06213176250458
424 1.15365922451019
425 1.19127547740936
426 1.2038631439209
427 1.08770847320557
428 1.17871701717377
429 1.24271702766418
430 1.26422834396362
431 1.15976238250732
432 1.32100331783295
433 1.14761030673981
434 1.16215026378632
435 1.19130754470825
436 1.12821018695831
437 1.21303594112396
438 1.24968564510345
439 1.28572630882263
440 1.15144872665405
441 1.19278490543365
442 1.09929597377777
443 1.17997574806213
444 1.2214173078537
445 1.21634006500244
446 1.25012505054474
447 1.02178394794464
448 1.16556894779205
449 1.1551730632782
450 1.1744898557663
451 1.23455798625946
452 1.18575859069824
453 1.2902969121933
454 1.09847962856293
455 1.20069742202759
456 1.24427926540375
457 1.19955825805664
458 1.14818143844604
459 1.19061315059662
460 1.05952143669128
461 1.17335915565491
462 1.23167455196381
463 1.29444515705109
464 1.19005572795868
465 1.14306581020355
466 1.24376726150513
467 1.26608026027679
468 1.11627078056335
469 1.35112977027893
470 1.17249262332916
471 1.16364741325378
472 1.23739969730377
473 1.16183733940125
474 1.19088339805603
475 1.16021955013275
476 0.99445241689682
477 1.16729235649109
478 1.18378126621246
479 1.1669317483902
480 1.16673731803894
481 1.31543946266174
482 1.18795096874237
483 1.16811096668243
484 1.24406480789185
485 1.18726134300232
486 1.13057577610016
487 1.15634429454803
488 1.22732853889465
489 1.25662851333618
490 1.21678853034973
491 1.19475090503693
492 1.28443515300751
493 1.18973016738892
494 1.14272832870483
495 1.1849627494812
496 1.14441609382629
497 1.23401367664337
498 1.10536420345306
499 1.15230643749237
500 1.21406137943268
501 1.15652239322662
502 1.20041882991791
503 1.22586953639984
504 1.24685525894165
505 1.17299044132233
506 1.23487460613251
507 1.22486937046051
508 1.18354249000549
509 1.21503746509552
510 1.2371609210968
511 1.11213052272797
512 1.25769698619843
513 1.37620115280151
514 1.15952622890472
515 1.26157820224762
516 1.16507172584534
517 1.33804595470428
518 1.14940416812897
519 1.25317478179932
520 1.16228127479553
521 1.20034062862396
522 1.12390601634979
523 1.26055371761322
524 1.11074316501617
525 1.32888352870941
526 1.25405168533325
527 1.17382645606995
528 1.25146126747131
529 1.2506058216095
530 1.18332231044769
531 1.12946236133575
532 1.17967236042023
533 1.24006855487823
534 1.14778816699982
535 1.22906899452209
536 1.12515676021576
537 1.20642995834351
538 1.19217920303345
539 1.20234262943268
540 1.25626480579376
541 1.24471724033356
542 1.22900080680847
543 1.30190944671631
544 1.28564882278442
545 1.16328954696655
546 1.32504034042358
547 1.19719207286835
548 1.21703469753265
549 1.33068907260895
550 1.2314418554306
551 1.27065360546112
552 1.22306430339813
553 1.23446989059448
554 1.22799623012543
555 1.2434549331665
556 1.32716858386993
557 1.29730594158173
558 1.35085546970367
559 1.36300504207611
560 1.25569438934326
561 1.20520484447479
562 1.29066848754883
563 1.25002479553223
564 1.36156237125397
565 1.26792526245117
566 1.23226523399353
567 1.22818124294281
568 1.23957598209381
569 1.28316211700439
570 1.20519554615021
571 1.31844043731689
572 1.22658824920654
573 1.34190821647644
574 1.17511856555939
575 1.32199704647064
576 1.41301310062408
577 1.42520987987518
578 1.27862179279327
579 1.43911421298981
580 1.32170426845551
581 1.27964413166046
582 1.34770572185516
583 1.42791867256165
584 1.44192659854889
585 1.38531732559204
586 1.38343131542206
587 1.26968991756439
588 1.42881190776825
589 1.3606321811676
590 1.37043797969818
591 1.29517376422882
592 1.36982035636902
593 1.2603086233139
594 1.33493709564209
595 1.22947132587433
596 1.19826340675354
597 1.26879775524139
598 1.38526356220245
599 1.28467226028442
600 1.37534976005554
601 1.35054123401642
602 1.216632604599
603 1.37205696105957
604 1.47459971904755
605 1.29370772838593
606 1.40691518783569
607 1.36244022846222
608 1.36875402927399
609 1.34535229206085
610 1.28727424144745
611 1.43298649787903
612 1.384401679039
613 1.28056848049164
614 1.38332509994507
615 1.35260272026062
616 1.38233423233032
617 1.40495276451111
618 1.47602307796478
619 1.36484682559967
620 1.34101831912994
621 1.30210626125336
622 1.412877202034
623 1.44023287296295
624 1.2975355386734
625 1.38681888580322
626 1.38475680351257
627 1.4058084487915
628 1.38972520828247
629 1.32786548137665
630 1.42200875282288
631 1.42144167423248
632 1.42297828197479
633 1.34799373149872
634 1.35746729373932
635 1.28599977493286
636 1.38828146457672
637 1.3563631772995
638 1.38978362083435
639 1.38763082027435
640 1.30064165592194
641 1.3978465795517
642 1.39052963256836
643 1.36431682109833
644 1.32611262798309
645 1.5038731098175
646 1.44415521621704
647 1.38041019439697
648 1.42680656909943
649 1.43488490581512
650 1.46986508369446
651 1.53992998600006
652 1.44178891181946
653 1.4363420009613
654 1.33690094947815
655 1.42479407787323
656 1.43129599094391
657 1.39056026935577
658 1.40330171585083
659 1.39492046833038
660 1.43517661094666
661 1.28923749923706
662 1.35466027259827
663 1.33296823501587
664 1.36432719230652
665 1.34953117370605
666 1.45057165622711
667 1.29864382743835
668 1.33542549610138
669 1.37645471096039
670 1.51924479007721
671 1.59445095062256
672 1.30573725700378
673 1.29035437107086
674 1.45819401741028
675 1.36926984786987
676 1.28160667419434
677 1.27090835571289
678 1.29481899738312
679 1.38374876976013
680 1.46147859096527
681 1.40401256084442
682 1.3733651638031
683 1.40887892246246
684 1.40211164951324
685 1.26719081401825
686 1.31936502456665
687 1.3283383846283
688 1.4465856552124
689 1.35847210884094
690 1.32009422779083
691 1.49613165855408
692 1.4167172908783
693 1.2581228017807
694 1.4455771446228
695 1.36549282073975
696 1.44803166389465
697 1.40013194084167
698 1.33115541934967
699 1.40224027633667
700 1.35523688793182
701 1.46404552459717
702 1.35792970657349
703 1.31794798374176
704 1.37042224407196
705 1.25639927387238
706 1.26593971252441
707 1.44115436077118
708 1.34629201889038
709 1.44917786121368
710 1.43864691257477
711 1.40748274326324
712 1.32210409641266
713 1.42421591281891
714 1.39061045646667
715 1.39748644828796
716 1.54604244232178
717 1.42611765861511
718 1.27737629413605
719 1.32502853870392
720 1.36967396736145
721 1.31305062770844
722 1.28981828689575
723 1.27023935317993
724 1.48527181148529
725 1.37077271938324
726 1.34274625778198
727 1.39978766441345
728 1.43680727481842
729 1.30715799331665
730 1.32807838916779
731 1.27746164798737
732 1.35290622711182
733 1.29676580429077
734 1.45225059986115
735 1.37880432605743
736 1.22500157356262
737 1.43561291694641
738 1.31104218959808
739 1.37895691394806
740 1.37854385375977
741 1.33917808532715
742 1.3496105670929
743 1.43376421928406
744 1.31228923797607
745 1.32378530502319
746 1.29451394081116
747 1.36307263374329
748 1.42169058322906
749 1.39527356624603
750 1.36720585823059
751 1.42559385299683
752 1.37362921237946
753 1.35328662395477
754 1.38545095920563
755 1.31850898265839
756 1.3900830745697
757 1.43373501300812
758 1.48429155349731
759 1.41538667678833
760 1.29264485836029
761 1.42030048370361
762 1.34660017490387
763 1.28669118881226
764 1.45374155044556
765 1.35503530502319
766 1.33339369297028
767 1.47892570495605
768 1.20433664321899
769 1.31717145442963
770 1.43626618385315
771 1.33710861206055
772 1.3760461807251
773 1.2927393913269
774 1.3197215795517
775 1.25789940357208
776 1.34654223918915
777 1.47827935218811
778 1.18041980266571
779 1.31732702255249
780 1.38288772106171
781 1.29382956027985
782 1.3957132101059
783 1.26089835166931
784 1.20297956466675
785 1.25920510292053
786 1.23725557327271
787 1.24655103683472
788 1.32678592205048
789 1.25983822345734
790 1.33507251739502
791 1.36921429634094
792 1.28743481636047
793 1.36146509647369
794 1.35531771183014
795 1.33737635612488
796 1.27118384838104
797 1.29504549503326
798 1.37500500679016
799 1.28797626495361
800 1.38372600078583
801 1.35049045085907
802 1.27112889289856
803 1.22857177257538
804 1.27000594139099
805 1.28219187259674
806 1.24911856651306
807 1.33189868927002
808 1.363565325737
809 1.31575357913971
810 1.27686786651611
811 1.30989944934845
812 1.18241333961487
813 1.343301653862
814 1.22007501125336
815 1.35887825489044
816 1.25926768779755
817 1.28543698787689
818 1.29679536819458
819 1.21641540527344
820 1.27079033851624
821 1.26507651805878
822 1.24757564067841
823 1.30726265907288
824 1.25683617591858
825 1.17843341827393
826 1.23745667934418
827 1.33152949810028
828 1.26179659366608
829 1.45569944381714
830 1.33258271217346
831 1.31276369094849
832 1.18351316452026
833 1.14073598384857
834 1.10090899467468
835 1.23725533485413
836 1.28294312953949
837 1.26524662971497
838 1.24942302703857
839 1.26039564609528
840 1.28858387470245
841 1.20736682415009
842 1.24371993541718
843 1.19346654415131
844 1.29147040843964
845 1.22021853923798
846 1.35230195522308
847 1.23103249073029
848 1.32340097427368
849 1.30422866344452
850 1.23594379425049
851 1.25592613220215
852 1.37332797050476
853 1.34661138057709
854 1.35234081745148
855 1.28559911251068
856 1.21036338806152
857 1.16737532615662
858 1.24957573413849
859 1.34407198429108
860 1.38011753559113
861 1.16995918750763
862 1.14924991130829
863 1.19214975833893
864 1.16563665866852
865 1.18309760093689
866 1.27222561836243
867 1.32663822174072
868 1.40396165847778
869 1.27259874343872
870 1.23889124393463
871 1.26332783699036
872 1.25789380073547
873 1.22078454494476
874 1.2651674747467
875 1.20953452587128
876 1.2394095659256
877 1.16632580757141
878 1.36117947101593
879 1.20610952377319
880 1.15181982517242
881 1.20658504962921
882 1.28225290775299
883 1.27155101299286
884 1.15786874294281
885 1.24817705154419
886 1.15552568435669
887 1.3007265329361
888 1.28310477733612
889 1.31198334693909
890 1.19258785247803
891 1.19469320774078
892 1.20183539390564
893 1.23025977611542
894 1.28776431083679
895 1.21337020397186
896 1.22996437549591
897 1.19435179233551
898 1.20165395736694
899 1.14971351623535
900 1.17478585243225
901 1.23577082157135
902 1.14988303184509
903 1.26958763599396
904 1.32631373405457
905 1.21657049655914
906 1.22610008716583
907 1.14345037937164
908 1.3338406085968
909 1.13970410823822
910 1.14287424087524
911 1.41076266765594
912 1.17376124858856
913 1.13344621658325
914 1.20560789108276
915 1.29551517963409
916 1.23776853084564
917 1.17219603061676
918 1.19358277320862
919 1.12588727474213
920 1.27442145347595
921 1.17585730552673
922 1.19643139839172
923 1.13565850257874
924 1.31966245174408
925 1.16943168640137
926 1.13642942905426
927 1.11919057369232
928 1.23161482810974
929 1.13608908653259
930 1.29866361618042
931 1.20217335224152
932 1.07759916782379
933 1.14228045940399
934 1.3335120677948
935 1.2275767326355
936 1.13503742218018
937 1.21712899208069
938 1.3428647518158
939 1.18163001537323
940 1.22499394416809
941 1.17942535877228
942 1.19282650947571
943 1.2231650352478
944 1.13090705871582
945 1.21601390838623
946 1.12792718410492
947 1.23007559776306
948 1.17164361476898
949 1.14446151256561
950 1.25805568695068
951 1.28954195976257
952 1.16400480270386
953 1.07443678379059
954 1.16362512111664
955 1.22622847557068
956 1.34685182571411
957 1.21365487575531
958 1.16276323795319
959 0.91886043548584
960 1.2209552526474
961 1.06908583641052
962 1.14352083206177
963 1.11702692508698
964 1.15196871757507
965 1.11391067504883
966 1.3035706281662
967 1.12997174263
968 1.13963901996613
969 1.23992502689362
970 1.0959392786026
971 1.03946173191071
972 1.16115927696228
973 1.22326505184174
974 1.15286600589752
975 1.10482847690582
976 1.1030101776123
977 1.1629958152771
978 1.18827819824219
979 1.17234718799591
980 1.1891108751297
981 1.19592213630676
982 1.15664911270142
983 1.10242521762848
984 1.13554954528809
985 1.17429280281067
986 1.17327666282654
987 1.09351992607117
988 1.09390997886658
989 1.23000907897949
990 1.15169501304626
991 1.0813068151474
992 1.07909536361694
993 1.02595221996307
994 1.12004518508911
995 1.17167091369629
996 1.23221695423126
997 1.13245928287506
998 1.19258320331573
999 1.13820123672485
1000 1.14050543308258
1001 1.23508763313293
1002 1.21081554889679
1003 1.15884852409363
1004 1.15202689170837
1005 1.04398441314697
1006 1.03029656410217
1007 1.07099747657776
1008 1.11091983318329
1009 1.15989935398102
1010 1.09415245056152
1011 1.12651085853577
1012 1.10725808143616
1013 1.07038974761963
1014 1.20512282848358
1015 1.13312041759491
1016 1.10152840614319
1017 1.08006584644318
1018 1.21955382823944
1019 1.108158826828
1020 1.08443748950958
1021 1.19903266429901
1022 1.2222775220871
1023 1.13271331787109
1024 1.0707300901413
1025 1.15894436836243
1026 1.10501229763031
1027 1.06354165077209
1028 1.03436172008514
1029 1.13935112953186
1030 1.12001848220825
1031 1.26189684867859
1032 1.27445197105408
1033 1.13512492179871
1034 1.13946485519409
1035 1.18661546707153
1036 1.03162968158722
1037 1.09221053123474
1038 1.27615690231323
1039 1.05959451198578
1040 1.12402021884918
1041 1.12695395946503
1042 1.09295916557312
1043 1.11411166191101
1044 1.05305850505829
1045 1.23267078399658
1046 1.12979030609131
1047 1.13832080364227
1048 1.08291435241699
1049 1.14193415641785
1050 0.978958249092102
1051 1.14883041381836
1052 1.10522437095642
1053 1.13900637626648
1054 1.01830804347992
1055 1.20858573913574
1056 1.07732009887695
1057 1.14136552810669
1058 1.06358397006989
1059 1.23743379116058
1060 1.19916224479675
1061 1.23492956161499
1062 1.02420079708099
1063 1.05217516422272
1064 1.11505508422852
1065 1.08157753944397
1066 1.02932226657867
1067 1.09222710132599
1068 1.15810608863831
1069 1.06446182727814
1070 0.997982740402222
1071 1.07308197021484
1072 1.08910417556763
1073 1.14199924468994
1074 1.22037160396576
1075 1.18432033061981
1076 1.15385472774506
1077 1.18761539459229
1078 1.15346169471741
1079 1.13261640071869
1080 1.1801735162735
1081 1.03518724441528
1082 1.14151918888092
1083 1.05672180652618
1084 1.12919628620148
1085 0.995200932025909
1086 1.20325040817261
1087 1.11820101737976
1088 1.10509073734283
1089 1.14277458190918
1090 1.05528736114502
1091 1.16349709033966
1092 1.09157490730286
1093 1.17463505268097
1094 1.09233117103577
1095 1.1205906867981
1096 1.15483736991882
1097 1.0158154964447
1098 1.01607608795166
1099 1.16219782829285
1100 0.975046932697296
1101 1.11087799072266
1102 1.12682640552521
1103 1.12341201305389
1104 1.14896047115326
1105 1.04420745372772
1106 1.05344200134277
1107 1.05534148216248
1108 1.04990911483765
1109 1.0281229019165
1110 1.12892782688141
1111 1.03513276576996
1112 1.06224191188812
1113 1.23241376876831
1114 1.20336174964905
1115 1.04558682441711
1116 1.06569302082062
1117 1.0881325006485
1118 1.03070735931396
1119 1.03727853298187
1120 1.05097341537476
1121 1.07414031028748
1122 1.06996834278107
1123 1.11813938617706
1124 0.962067723274231
1125 1.1103458404541
1126 0.986737668514252
1127 1.1207103729248
1128 1.18470466136932
1129 1.04318261146545
1130 1.15200173854828
1131 1.1083151102066
1132 1.06221079826355
1133 0.972561776638031
1134 1.04789245128632
1135 1.07400703430176
1136 1.00172674655914
1137 1.04918313026428
1138 1.10230016708374
1139 1.05559468269348
1140 1.0402672290802
1141 1.00706923007965
1142 1.00848889350891
1143 0.957585036754608
1144 1.01107132434845
1145 0.938673317432404
1146 1.04011130332947
1147 0.979350090026855
1148 0.978404641151428
1149 0.981280863285065
1150 1.05694675445557
1151 1.01288378238678
1152 1.13588833808899
1153 1.02902054786682
1154 1.07801306247711
1155 1.22898972034454
1156 1.1064201593399
1157 1.07362103462219
1158 1.02003812789917
1159 1.08746564388275
1160 1.1789128780365
1161 1.12588739395142
1162 1.0416374206543
1163 1.08907473087311
1164 1.04404890537262
1165 1.15810739994049
1166 1.03592777252197
1167 1.05960392951965
1168 1.03119027614594
1169 1.04336321353912
1170 1.10645520687103
1171 0.940666258335114
1172 1.07305014133453
1173 1.10941934585571
1174 1.09668135643005
1175 1.1956981420517
1176 1.10125970840454
1177 1.06969511508942
1178 1.10931038856506
1179 0.997407972812653
1180 1.06877994537354
1181 1.0012195110321
1182 1.01796019077301
1183 0.903794288635254
1184 1.03617417812347
1185 1.00417983531952
1186 1.01508355140686
1187 1.01345348358154
1188 0.990385413169861
1189 1.02312660217285
1190 0.976704776287079
1191 1.01755011081696
1192 1.02391958236694
1193 1.04520535469055
1194 1.01158380508423
1195 1.14480555057526
1196 1.04919946193695
1197 0.979256629943848
1198 0.982443571090698
1199 1.01414275169373
1200 0.959595501422882
1201 1.02755653858185
1202 0.949859082698822
1203 1.05700623989105
1204 0.904013872146606
1205 1.08418190479279
1206 0.918774306774139
1207 0.971742868423462
1208 1.02626776695251
1209 1.03486764431
1210 0.966874897480011
1211 0.979332745075226
1212 0.948724091053009
1213 1.01414430141449
1214 1.02560019493103
1215 1.05748021602631
1216 1.03448927402496
1217 0.947187006473541
1218 0.993120312690735
1219 0.910318315029144
1220 0.975091278553009
1221 0.93148010969162
1222 0.987446665763855
1223 1.04080021381378
1224 0.929623484611511
1225 1.02018761634827
1226 0.945463061332703
1227 0.952781140804291
1228 1.0327455997467
1229 1.0471363067627
1230 0.978201448917389
1231 1.06037366390228
1232 1.0164680480957
1233 1.03105747699738
1234 1.06863152980804
1235 1.01451635360718
1236 0.940567553043365
1237 0.951770067214966
1238 1.03293216228485
1239 1.08947587013245
1240 0.988141238689423
1241 0.955015659332275
1242 0.90083247423172
1243 1.07915651798248
1244 1.0759425163269
1245 0.950785756111145
1246 1.00742530822754
1247 1.01887881755829
1248 1.06268930435181
1249 0.989722847938538
1250 0.860804557800293
1251 0.956885755062103
1252 1.06244671344757
1253 0.958044052124023
1254 0.998467445373535
1255 1.00857377052307
1256 1.02118349075317
1257 1.02424025535583
1258 1.06177008152008
1259 1.02336406707764
1260 0.974614381790161
1261 0.921771049499512
1262 1.05530321598053
1263 1.08758771419525
1264 1.05899226665497
1265 1.02887892723083
1266 0.89218282699585
1267 0.911251783370972
1268 1.1034437417984
1269 0.970289707183838
1270 1.03480899333954
1271 1.03033244609833
1272 1.03582274913788
1273 1.03765714168549
1274 1.03409504890442
1275 0.934630930423737
1276 0.932871103286743
1277 0.923302054405212
1278 1.08965337276459
1279 0.9814493060112
1280 0.978777825832367
1281 0.924658477306366
1282 0.979608356952667
1283 1.04745602607727
1284 0.975994884967804
1285 1.09151697158813
1286 0.987294137477875
1287 1.02180922031403
1288 1.05049026012421
1289 1.03305637836456
1290 1.07943260669708
1291 0.935129582881927
1292 0.979241251945496
1293 1.07009267807007
1294 1.02010989189148
1295 1.02575361728668
1296 0.979933559894562
1297 0.9787957072258
1298 0.983364403247833
1299 1.02719974517822
1300 0.866930544376373
1301 0.969758749008179
1302 0.97124707698822
1303 0.974131226539612
1304 0.926014363765717
1305 1.04821217060089
1306 1.00120735168457
1307 0.87019956111908
1308 1.08764731884003
1309 0.977826952934265
1310 0.968464851379395
1311 0.923452496528625
1312 0.89738267660141
1313 0.908869743347168
1314 0.964580655097961
1315 0.804639220237732
1316 0.907822072505951
1317 0.920754611492157
1318 0.995922207832336
1319 0.998517274856567
1320 0.936836779117584
1321 0.9066441655159
1322 0.934040129184723
1323 1.03998017311096
1324 0.997870087623596
1325 0.979056537151337
1326 0.949488461017609
1327 1.10047042369843
1328 0.973930895328522
1329 0.840994536876678
1330 0.904773235321045
1331 0.980235934257507
1332 0.958089232444763
1333 0.926091611385345
1334 1.04922449588776
1335 0.889332473278046
1336 1.01353526115417
1337 1.12592101097107
1338 0.87529844045639
1339 0.991004705429077
1340 1.01079964637756
1341 1.01221716403961
1342 1.05175995826721
1343 1.04464995861053
1344 0.985608458518982
1345 1.04893529415131
1346 0.90921413898468
1347 1.09188330173492
1348 0.965880692005157
1349 0.894749402999878
1350 0.95989066362381
1351 0.96399861574173
1352 0.940538585186005
1353 1.03387928009033
1354 1.02500510215759
1355 0.97646826505661
1356 0.939628183841705
1357 0.915670573711395
1358 0.950449824333191
1359 0.901227116584778
1360 0.982100427150726
1361 0.98332005739212
1362 0.944882392883301
1363 0.997846364974976
1364 0.948683679103851
1365 0.935201704502106
1366 0.958306133747101
1367 0.969732046127319
1368 1.03577208518982
1369 1.0377448797226
1370 1.04671585559845
1371 1.00249922275543
1372 0.996526539325714
1373 1.06514728069305
1374 0.977747440338135
1375 1.00302875041962
1376 0.980122029781342
1377 1.02047920227051
1378 0.972163081169128
1379 0.928213834762573
1380 0.938694000244141
1381 0.891218423843384
1382 0.909605264663696
1383 0.886554598808289
1384 0.861232042312622
1385 0.888617813587189
1386 0.956874191761017
1387 0.956536531448364
1388 0.928667724132538
1389 1.02723693847656
1390 0.921644866466522
1391 0.904606103897095
1392 0.918986260890961
1393 0.985082268714905
1394 0.916285812854767
1395 0.949172914028168
1396 1.00087535381317
1397 0.96317994594574
1398 0.941052317619324
1399 0.938549876213074
1400 0.91606742143631
1401 0.90073037147522
1402 0.965976536273956
1403 0.892271161079407
1404 0.927420616149902
1405 0.922580301761627
1406 0.941761791706085
1407 1.03662276268005
1408 0.863786578178406
1409 1.0691534280777
1410 1.07127952575684
1411 1.05131566524506
1412 0.931534886360168
1413 0.998484253883362
1414 0.911752939224243
1415 0.939835131168365
1416 0.945519626140594
1417 0.998850107192993
1418 0.945766806602478
1419 0.902678787708282
1420 0.992053866386414
1421 0.902671277523041
1422 0.939142167568207
1423 0.936385571956635
1424 1.0387157201767
1425 0.918980956077576
1426 0.992367923259735
1427 0.942888557910919
1428 0.979191362857819
1429 1.04364454746246
1430 0.930722951889038
1431 0.925959646701813
1432 1.08016967773438
1433 0.914268791675568
1434 0.896535575389862
1435 0.952453374862671
1436 0.983979046344757
1437 0.958334445953369
1438 1.01504290103912
1439 0.965496361255646
1440 1.0095671415329
1441 1.03365123271942
1442 1.01411712169647
1443 1.01158535480499
1444 0.973396122455597
1445 1.02138090133667
1446 1.07033288478851
1447 1.01573216915131
1448 1.08218848705292
1449 1.05824482440948
1450 1.0234591960907
1451 1.05222904682159
1452 1.01108837127686
1453 1.02449071407318
1454 0.958482325077057
1455 0.964738667011261
1456 1.02664434909821
1457 0.956090092658997
1458 0.981131911277771
1459 0.935500741004944
1460 0.955404877662659
1461 0.901783287525177
1462 0.948155105113983
1463 0.956873953342438
1464 0.931196689605713
1465 0.980666637420654
1466 0.980555951595306
1467 0.82251912355423
1468 0.946580648422241
1469 0.969849050045013
1470 1.03575110435486
1471 0.993385016918182
1472 0.912899911403656
1473 0.949496984481812
1474 0.909026980400085
1475 1.08228778839111
1476 0.999178469181061
1477 0.923539578914642
1478 1.049640417099
1479 0.887743353843689
1480 1.07338321208954
1481 0.909426510334015
1482 0.860022664070129
1483 0.989576101303101
1484 0.997835218906403
1485 0.950713038444519
1486 0.962113320827484
1487 0.909322321414948
1488 0.960422575473785
1489 0.973912477493286
1490 0.94827127456665
1491 0.966624140739441
1492 0.930390417575836
1493 0.975521266460419
1494 0.916087925434113
1495 0.959498167037964
1496 0.933541536331177
1497 0.976181864738464
1498 0.991827249526978
1499 0.857895493507385
1500 0.888137817382812
1501 1.02514159679413
1502 0.961538136005402
1503 0.988118350505829
1504 0.956761121749878
1505 0.937212705612183
1506 0.931605994701385
1507 0.999725759029388
1508 1.00166940689087
1509 0.872434854507446
1510 0.953880965709686
1511 0.886916160583496
1512 0.922420918941498
1513 0.911648273468018
1514 0.95855450630188
1515 0.959482371807098
1516 1.08642733097076
1517 0.916586995124817
1518 0.953829765319824
1519 0.903497278690338
1520 0.863891959190369
1521 0.839745223522186
1522 0.955510318279266
1523 0.882174909114838
1524 0.851577937602997
1525 0.881849646568298
1526 1.04886424541473
1527 0.921397686004639
1528 0.890757203102112
1529 0.991470515727997
1530 0.919766306877136
1531 0.921360731124878
1532 0.892645597457886
1533 0.84494024515152
1534 0.86928653717041
1535 0.932275950908661
1536 0.850410580635071
1537 0.865340232849121
1538 0.926374673843384
1539 0.898226976394653
1540 0.809676885604858
1541 0.97403746843338
1542 0.893069088459015
1543 0.918691754341125
1544 0.926995515823364
1545 0.894039213657379
1546 0.932566940784454
1547 0.951546132564545
1548 0.934215664863586
1549 0.837515950202942
1550 0.891840696334839
1551 0.986081838607788
1552 0.914613366127014
1553 0.893238425254822
1554 0.917253077030182
1555 0.940763771533966
1556 0.913067042827606
1557 0.858950138092041
1558 0.87220287322998
1559 0.907014071941376
1560 0.871381878852844
1561 0.92344081401825
1562 0.815732717514038
1563 0.836592197418213
1564 0.95384556055069
1565 0.901762425899506
1566 0.950453758239746
1567 0.836878418922424
1568 0.929832577705383
1569 0.838533937931061
1570 0.962008893489838
1571 0.85274738073349
1572 0.896924197673798
1573 0.946130931377411
1574 0.883339941501617
1575 0.922757744789124
1576 0.916673719882965
1577 0.842129588127136
1578 0.934783101081848
1579 0.94947075843811
1580 0.902843058109283
1581 0.882501602172852
1582 0.973963499069214
1583 0.929294943809509
1584 0.938311815261841
1585 0.827087461948395
1586 0.900091469287872
1587 0.923363566398621
1588 0.887909591197968
1589 0.87817245721817
1590 0.90705281496048
1591 0.907950460910797
1592 0.863788664340973
1593 0.959433734416962
1594 0.893450438976288
1595 0.932768940925598
1596 0.898752748966217
1597 0.869440138339996
1598 0.914561331272125
1599 0.957394301891327
1600 0.902119934558868
1601 0.937248826026917
1602 0.968034207820892
1603 0.899794638156891
1604 0.913215935230255
1605 0.805871963500977
1606 0.939456582069397
1607 0.858657836914062
1608 0.92520797252655
1609 0.991261303424835
1610 0.894519865512848
1611 0.863033294677734
1612 0.97854608297348
1613 0.900627255439758
1614 0.932482421398163
1615 0.950136423110962
1616 0.94477653503418
1617 0.875189960002899
1618 0.943402409553528
1619 0.988871693611145
1620 0.908564150333405
1621 0.840615153312683
1622 0.864765524864197
1623 0.880877494812012
1624 0.914309501647949
1625 0.95781421661377
1626 0.876437246799469
1627 0.870689392089844
1628 0.89446234703064
1629 0.895709097385406
1630 0.875415742397308
1631 0.952690839767456
1632 0.897016286849976
1633 0.836599230766296
1634 0.767241656780243
1635 0.847625255584717
1636 0.807167589664459
1637 0.838875710964203
1638 0.851551175117493
1639 0.873522639274597
1640 0.853998482227325
1641 0.83110374212265
1642 0.882282018661499
1643 0.842662155628204
1644 0.877123594284058
1645 0.858601093292236
1646 0.826213896274567
1647 0.859235525131226
1648 0.873474478721619
1649 0.778569757938385
1650 0.849927604198456
1651 0.856016457080841
1652 0.829976737499237
1653 0.867344081401825
1654 0.916323959827423
1655 0.856322348117828
1656 0.89463472366333
1657 0.821981012821198
1658 0.935686588287354
1659 0.911417126655579
1660 0.88828033208847
1661 0.848614633083344
1662 0.948719024658203
1663 0.843242168426514
1664 0.815708220005035
1665 0.837839126586914
1666 0.868738770484924
1667 0.753908514976501
1668 0.939703464508057
1669 0.889881074428558
1670 0.842304229736328
1671 0.850961148738861
1672 0.880388140678406
1673 0.930561721324921
1674 0.848643898963928
1675 0.841123700141907
1676 0.807896912097931
1677 0.945319533348083
1678 0.888018310070038
1679 0.854753136634827
1680 0.825266361236572
1681 0.900123953819275
1682 0.87401670217514
1683 0.872379720211029
1684 0.868340909481049
1685 0.871605634689331
1686 0.883042931556702
1687 0.839770674705505
1688 0.965388059616089
1689 0.943767905235291
1690 0.935326516628265
1691 0.845985233783722
1692 0.837096154689789
1693 0.812174558639526
1694 0.835022270679474
1695 0.81190550327301
1696 0.929101884365082
1697 0.826476037502289
1698 0.872929275035858
1699 0.856991648674011
1700 0.985479354858398
1701 0.85392963886261
1702 0.949041664600372
1703 0.964323163032532
1704 0.854224324226379
1705 0.856269359588623
1706 0.905795872211456
1707 0.848543703556061
1708 0.881600499153137
1709 0.844426870346069
1710 0.891127943992615
1711 0.964218735694885
1712 0.86385840177536
1713 0.931550920009613
1714 0.932123303413391
1715 0.934447765350342
1716 1.00105834007263
1717 0.875213265419006
1718 0.905601859092712
1719 0.915129423141479
1720 0.858201026916504
1721 0.8737952709198
1722 0.960346281528473
1723 0.900769472122192
1724 0.828234374523163
1725 0.957458198070526
1726 0.866412937641144
1727 0.859511077404022
1728 0.925140738487244
1729 0.917901992797852
1730 0.882975041866302
1731 0.907550930976868
1732 0.917545139789581
1733 0.967974781990051
1734 0.904978275299072
1735 0.889495551586151
1736 0.875807583332062
1737 0.915701150894165
1738 0.897742450237274
1739 0.878291189670563
1740 0.946840405464172
1741 0.917876124382019
1742 0.927614033222198
1743 0.929976105690002
1744 1.02385103702545
1745 0.98080712556839
1746 0.866338074207306
1747 0.920015692710876
1748 0.852205693721771
1749 0.918533682823181
1750 0.873223423957825
1751 0.873259365558624
1752 0.887808501720428
1753 1.01682651042938
1754 0.912365674972534
1755 0.953146040439606
1756 0.914662957191467
1757 0.9272820353508
1758 0.961311101913452
1759 0.924108386039734
1760 0.902485966682434
1761 0.867581307888031
1762 0.933109283447266
1763 0.891546487808228
1764 0.997901976108551
1765 0.85672789812088
1766 0.882374227046967
1767 0.965410470962524
1768 0.899937212467194
1769 0.856550097465515
1770 0.959371507167816
1771 0.939472198486328
1772 0.851617217063904
1773 0.943007409572601
1774 0.837795495986938
1775 0.936683535575867
1776 1.04835188388824
1777 0.934887230396271
1778 0.994960188865662
1779 0.851873099803925
1780 0.92554783821106
1781 0.976905286312103
1782 0.893419682979584
1783 0.882044434547424
1784 0.955674886703491
1785 0.966899991035461
1786 0.950302541255951
1787 1.04846727848053
1788 0.896227896213531
1789 0.835850477218628
1790 0.97902649641037
1791 0.894389510154724
1792 0.920524895191193
1793 0.942647039890289
1794 0.89202618598938
1795 0.922424495220184
1796 0.871528446674347
1797 0.946125149726868
1798 1.01842641830444
1799 0.849412858486176
1800 0.921444416046143
1801 0.979546248912811
1802 0.955868482589722
1803 0.984068155288696
1804 0.899388551712036
1805 0.934537887573242
1806 0.842522501945496
1807 0.857171058654785
1808 0.937920689582825
1809 0.944076180458069
1810 0.918061196804047
1811 0.883400917053223
1812 0.991290271282196
1813 0.945427894592285
1814 0.971030235290527
1815 1.05968987941742
1816 0.891388654708862
1817 0.928967118263245
1818 0.895049452781677
1819 0.98124223947525
1820 0.958687365055084
1821 1.0819034576416
1822 0.962979674339294
1823 0.946804344654083
1824 0.919458389282227
1825 0.983573198318481
1826 0.896360754966736
1827 0.997916698455811
1828 1.01445424556732
1829 1.02547168731689
1830 0.993912994861603
1831 1.04448652267456
1832 0.976432502269745
1833 1.01617765426636
1834 0.995043158531189
1835 0.89889132976532
1836 0.96125203371048
1837 0.916470050811768
1838 0.903684854507446
1839 0.89693546295166
1840 0.866275429725647
1841 0.949601888656616
1842 0.974488198757172
1843 0.943513691425323
1844 1.0082072019577
1845 1.05088007450104
1846 0.985262215137482
1847 1.03583145141602
1848 0.959638714790344
1849 1.05230236053467
1850 0.967018485069275
1851 0.944721877574921
1852 0.948248088359833
1853 1.00022125244141
1854 0.985926568508148
1855 1.00905430316925
1856 1.09387493133545
1857 0.99330198764801
1858 1.01913833618164
1859 1.00978374481201
1860 1.0678563117981
1861 1.04027950763702
1862 0.949706852436066
1863 0.942964613437653
1864 1.07964503765106
1865 0.954351186752319
1866 1.02956128120422
1867 1.05753040313721
1868 1.05441761016846
1869 1.12630307674408
1870 1.01704728603363
1871 0.995195746421814
1872 1.07148087024689
1873 1.03356087207794
1874 0.965133965015411
1875 1.13782680034637
1876 0.999565362930298
1877 1.0690792798996
1878 1.07199048995972
1879 1.05997693538666
1880 1.05456161499023
1881 1.05911540985107
1882 0.942570626735687
1883 1.0787365436554
1884 0.930565595626831
1885 1.11955559253693
1886 1.01909053325653
1887 1.05195248126984
1888 1.06177806854248
1889 1.00412631034851
1890 1.07606172561646
1891 0.991036713123322
1892 0.992185354232788
1893 1.02626299858093
1894 1.00310111045837
1895 0.986639380455017
1896 1.08603072166443
1897 1.01309084892273
1898 1.04574263095856
1899 0.989829897880554
1900 0.949265360832214
1901 1.02406454086304
1902 1.06772613525391
1903 1.00193536281586
1904 1.03755843639374
1905 1.05574560165405
1906 1.00455784797668
1907 1.02610313892365
1908 0.971916556358337
1909 1.00569462776184
1910 1.07048618793488
1911 1.02211129665375
1912 1.13344645500183
1913 1.02279567718506
1914 1.03341472148895
1915 1.1268435716629
1916 1.02835285663605
1917 1.03425645828247
1918 0.994762420654297
1919 1.04413294792175
1920 0.948398292064667
1921 1.02312290668488
1922 0.989185333251953
1923 0.95512580871582
1924 0.87772673368454
1925 0.947927176952362
1926 0.954830348491669
1927 0.980933129787445
1928 1.0586746931076
1929 1.05264794826508
1930 0.989689111709595
1931 0.999429404735565
1932 0.879591107368469
1933 0.924012422561646
1934 0.951640069484711
1935 0.980430781841278
1936 1.01631057262421
1937 0.898331940174103
1938 0.940911471843719
1939 0.912771046161652
1940 0.965071082115173
1941 1.06488609313965
1942 1.00422656536102
1943 0.921227514743805
1944 1.03107833862305
1945 0.919160664081573
1946 0.95459371805191
1947 1.0385068655014
1948 1.01934337615967
1949 0.993029892444611
1950 1.0461950302124
1951 1.01894998550415
1952 1.01281368732452
1953 0.99266391992569
1954 0.924063801765442
1955 0.994155049324036
1956 0.968733131885529
1957 0.979200780391693
1958 0.943131327629089
1959 0.999671399593353
1960 0.896762728691101
1961 0.900506258010864
1962 0.967414617538452
1963 0.836471796035767
1964 0.945400238037109
1965 0.943259179592133
1966 0.990298211574554
1967 1.02761685848236
1968 1.03118538856506
1969 0.980656087398529
1970 0.879855275154114
1971 0.925087153911591
1972 0.90342915058136
1973 1.07199132442474
1974 0.964643061161041
1975 0.890469908714294
1976 0.945386409759521
1977 1.06730830669403
1978 0.916576087474823
1979 0.958757698535919
1980 1.06026458740234
1981 0.960834205150604
1982 1.0343074798584
1983 0.987961828708649
1984 0.963535785675049
1985 0.938546895980835
1986 0.92835134267807
1987 0.981607437133789
1988 0.90982449054718
1989 1.04502093791962
1990 0.892915070056915
1991 0.872554898262024
1992 0.886016607284546
1993 0.890417873859406
1994 0.937399566173553
1995 0.893978834152222
1996 0.979642570018768
1997 0.921641230583191
1998 0.999385297298431
1999 0.91805374622345
