1 -0.60053962469101
2 -1.07145059108734
3 -1.1590518951416
4 -1.07568514347076
5 -0.734466254711151
6 -0.669475376605988
7 -0.541421890258789
8 -0.458243519067764
9 -0.275533348321915
10 -0.234027326107025
11 -0.15005074441433
12 -0.00495257647708058
13 0.022365216165781
14 0.204169228672981
15 0.168999776244164
16 0.22676020860672
17 0.346783012151718
18 0.500889241695404
19 0.449075043201447
20 0.669934153556824
21 0.660244107246399
22 0.747898161411285
23 0.725783348083496
24 1.13448977470398
25 1.01133990287781
26 1.37137758731842
27 1.41026604175568
28 1.59567618370056
29 1.87837994098663
30 2.47001433372498
31 2.70030808448792
32 2.6375584602356
33 3.12324357032776
34 3.38837647438049
35 3.47470951080322
36 4.04758024215698
37 4.48609638214111
38 5.84285402297974
39 5.95359420776367
40 5.57299852371216
41 6.83237791061401
42 8.1581974029541
43 8.12121486663818
44 9.24850082397461
45 9.21413516998291
46 9.8610782623291
47 10.516058921814
48 10.9108257293701
49 11.1493721008301
50 11.5491247177124
51 12.7979526519775
52 13.0630712509155
53 14.1509370803833
54 13.2787275314331
55 14.1329307556152
56 14.8121776580811
57 15.1852388381958
58 15.9620161056519
59 15.865532875061
60 16.3478374481201
61 16.5392074584961
62 17.5411243438721
63 17.7480602264404
64 18.1926116943359
65 18.1938247680664
66 18.3941230773926
67 18.2831611633301
68 19.1990737915039
69 19.0620155334473
70 19.824670791626
71 20.0616798400879
72 20.0625972747803
73 20.1513843536377
74 21.5257434844971
75 20.9568328857422
76 20.9649791717529
77 21.5322170257568
78 21.7661952972412
79 22.7070693969727
80 22.3557605743408
81 22.5999317169189
82 22.812858581543
83 23.573221206665
84 23.0637607574463
85 23.432035446167
86 23.4186038970947
87 23.319543838501
88 24.3030776977539
89 24.0366344451904
90 24.5218086242676
91 24.701078414917
92 24.4438610076904
93 25.1221008300781
94 24.4719619750977
95 24.9013004302979
96 25.1935977935791
97 25.8220138549805
98 25.6061706542969
99 25.8500308990479
100 25.6171970367432
101 25.8250064849854
102 25.7837886810303
103 26.2561340332031
104 26.0978927612305
105 26.4720573425293
106 26.4439964294434
107 26.165111541748
108 26.1923923492432
109 26.5333099365234
110 26.6636867523193
111 26.4516086578369
112 26.5327281951904
113 26.6652851104736
114 26.4731559753418
115 26.8862495422363
116 26.9625759124756
117 27.0390224456787
118 26.9186019897461
119 27.0284366607666
120 26.8305263519287
121 27.1793575286865
122 27.4880027770996
123 27.1817188262939
124 27.275426864624
125 27.4487590789795
126 27.2518005371094
127 27.2290229797363
128 27.351432800293
129 27.6674404144287
130 27.4646949768066
131 27.3968524932861
132 27.2353534698486
133 27.5404567718506
134 27.5542774200439
135 28.0338859558105
136 27.511589050293
137 28.0931701660156
138 27.9250144958496
139 27.6822853088379
140 28.2038841247559
141 28.1939029693604
142 28.0429000854492
143 27.9943428039551
144 28.1965236663818
145 27.8877563476562
146 28.6179676055908
147 27.8093280792236
148 28.3042335510254
149 28.0782585144043
150 28.0398120880127
151 28.3888244628906
152 28.243839263916
153 28.3130722045898
154 28.3815422058105
155 28.2522048950195
156 28.3776874542236
157 29.1489791870117
158 28.0809688568115
159 28.4447536468506
160 28.729118347168
161 28.300802230835
162 28.7891502380371
163 28.835277557373
164 28.8615055084229
165 28.304557800293
166 28.2771987915039
167 28.8638668060303
168 28.635648727417
169 29.2164249420166
170 28.7360420227051
171 29.1654224395752
172 28.2216415405273
173 28.4376754760742
174 28.7705535888672
175 29.2433986663818
176 28.7240028381348
177 28.9092540740967
178 29.2553672790527
179 28.9204921722412
180 29.5376758575439
181 29.2028484344482
182 29.4514980316162
183 29.093448638916
184 29.4597721099854
185 28.9874820709229
186 28.8866329193115
187 30.498722076416
188 28.8893890380859
189 29.7501525878906
190 29.3688545227051
191 29.3803215026855
192 28.9695892333984
193 29.2590961456299
194 29.1686515808105
195 29.1903591156006
196 29.8413467407227
197 29.5040187835693
198 28.9997425079346
199 29.1451091766357
200 29.8593616485596
201 29.2633934020996
202 29.9383945465088
203 30.2113304138184
204 29.7999172210693
205 29.2582225799561
206 30.5592250823975
207 29.9078636169434
208 29.8930244445801
209 29.7053966522217
210 29.9789657592773
211 29.4405784606934
212 30.0161514282227
213 30.2343978881836
214 29.7599582672119
215 29.6051235198975
216 29.9268550872803
217 29.4934635162354
218 30.0380954742432
219 29.9853267669678
220 30.52978515625
221 29.8063793182373
222 30.3732604980469
223 29.6449756622314
224 30.0228538513184
225 29.84645652771
226 30.3603420257568
227 29.9819450378418
228 31.0642032623291
229 30.556884765625
230 30.8159732818604
231 30.5997581481934
232 30.7124938964844
233 31.0373458862305
234 29.6904602050781
235 30.2214736938477
236 30.6637516021729
237 29.7537708282471
238 30.2736930847168
239 29.5806121826172
240 30.0248889923096
241 29.535177230835
242 30.4262638092041
243 31.0094184875488
244 29.8963661193848
245 30.2376708984375
246 30.9655857086182
247 29.7860946655273
248 31.0752868652344
249 29.7936916351318
250 30.3139934539795
251 30.3260707855225
252 30.6450138092041
253 31.3528347015381
254 31.1709117889404
255 30.1811637878418
256 30.6113224029541
257 30.2765274047852
258 31.2152557373047
259 31.4376010894775
260 30.4792404174805
261 31.2337551116943
262 30.9471988677979
263 30.1963367462158
264 30.6934757232666
265 29.8657150268555
266 30.8322277069092
267 31.5198574066162
268 30.9422626495361
269 30.3285121917725
270 30.7010879516602
271 32.0099143981934
272 30.9354629516602
273 31.1345310211182
274 31.5981712341309
275 30.0071449279785
276 30.4717178344727
277 31.0710735321045
278 32.1571006774902
279 31.3958187103271
280 31.2324161529541
281 31.6216983795166
282 30.0391178131104
283 30.4836959838867
284 30.4817237854004
285 30.1057777404785
286 30.4565353393555
287 30.7921180725098
288 31.1023654937744
289 32.026538848877
290 30.0294628143311
291 30.1260433197021
292 30.5214004516602
293 29.9484195709229
294 30.9474086761475
295 30.8146915435791
296 30.2549476623535
297 31.5929164886475
298 31.9211540222168
299 30.1284828186035
300 31.6816101074219
301 30.2356777191162
302 30.6307373046875
303 31.44508934021
304 31.2430629730225
305 33.0158157348633
306 31.734073638916
307 30.8325061798096
308 30.3102970123291
309 30.2832775115967
310 31.2846622467041
311 31.1413230895996
312 31.6483020782471
313 33.0525894165039
314 30.9394912719727
315 32.0740585327148
316 30.1247940063477
317 31.8471240997314
318 31.9005737304688
319 31.4709663391113
320 32.0982513427734
321 31.2861557006836
322 31.5112323760986
323 30.4829216003418
324 30.9592247009277
325 32.1918411254883
326 31.3794898986816
327 31.1825504302979
328 32.6450538635254
329 31.4924697875977
330 30.2234802246094
331 31.9168033599854
332 30.6700038909912
333 30.3717765808105
334 30.4793720245361
335 31.351188659668
336 31.9892864227295
337 31.4381065368652
338 31.4803161621094
339 32.3722076416016
340 31.870922088623
341 30.674259185791
342 32.3636169433594
343 31.5026760101318
344 30.8697872161865
345 32.5092735290527
346 30.2044334411621
347 31.9445209503174
348 30.7130069732666
349 30.5279579162598
350 31.6498889923096
351 31.2150382995605
352 31.0179653167725
353 31.6652355194092
354 31.3473281860352
355 31.1139583587646
356 32.3177108764648
357 30.9355907440186
358 32.2319869995117
359 31.3771457672119
360 30.6823844909668
361 31.9787635803223
362 31.018949508667
363 31.726224899292
364 30.9169788360596
365 31.1596012115479
366 31.0171699523926
367 32.054386138916
368 31.6580677032471
369 31.2485752105713
370 32.2533378601074
371 31.0451278686523
372 30.9682178497314
373 31.1141872406006
374 30.7645168304443
375 31.1736125946045
376 30.3530006408691
377 31.1541042327881
378 30.7937068939209
379 31.0208053588867
380 30.3925189971924
381 31.0879077911377
382 31.9469261169434
383 30.2636585235596
384 30.6966209411621
385 31.25341796875
386 30.7497386932373
387 31.2693138122559
388 31.7858924865723
389 31.8817310333252
390 33.5058326721191
391 32.4417114257812
392 32.4775466918945
393 30.9523258209229
394 30.527322769165
395 30.7505779266357
396 31.0366325378418
397 31.7340126037598
398 30.6420421600342
399 31.4402236938477
400 31.2200698852539
401 31.8646640777588
402 32.1046295166016
403 31.0880336761475
404 30.6002101898193
405 30.8705883026123
406 30.8613300323486
407 31.2166309356689
408 33.0459938049316
409 31.7271327972412
410 31.4968967437744
411 32.7460060119629
412 32.5808181762695
413 32.6980361938477
414 32.2327423095703
415 30.3823776245117
416 30.9465293884277
417 31.8591346740723
418 31.3076953887939
419 33.8825950622559
420 31.4698238372803
421 32.2993927001953
422 32.2661628723145
423 31.7708225250244
424 29.7945938110352
425 33.8080253601074
426 31.2964153289795
427 31.813549041748
428 29.8794288635254
429 32.1734008789062
430 31.2807540893555
431 32.5126686096191
432 30.9286613464355
433 31.6233348846436
434 31.9880924224854
435 32.4909286499023
436 32.9026985168457
437 32.0873031616211
438 32.3247680664062
439 32.0896072387695
440 32.1178665161133
441 30.900634765625
442 31.3736476898193
443 34.2739868164062
444 31.2480926513672
445 32.9073219299316
446 31.4027271270752
447 30.9954414367676
448 30.753812789917
449 31.7424240112305
450 32.4272232055664
451 32.0553894042969
452 33.0381088256836
453 31.972318649292
454 31.6661376953125
455 32.4789237976074
456 30.6439323425293
457 31.7960720062256
458 33.3946876525879
459 32.93701171875
460 32.2346458435059
461 31.8130435943604
462 30.9091053009033
463 31.9348449707031
464 30.9350700378418
465 30.4630661010742
466 31.2548522949219
467 32.9477043151855
468 30.7840442657471
469 30.2892475128174
470 32.4109153747559
471 31.3506698608398
472 32.2792510986328
473 32.080379486084
474 32.3176193237305
475 32.1323699951172
476 31.3241443634033
477 31.7804412841797
478 31.3527088165283
479 31.0091114044189
480 32.811595916748
481 32.3571014404297
482 31.2141017913818
483 31.7644672393799
484 31.4356822967529
485 33.3188400268555
486 31.1951904296875
487 32.7228317260742
488 31.9431018829346
489 31.9762172698975
490 30.8255958557129
491 32.981876373291
492 33.3630867004395
493 31.0899238586426
494 31.7097644805908
495 31.8064765930176
496 32.4405937194824
497 31.5540332794189
498 30.9143981933594
499 31.7411251068115
500 30.6503925323486
501 32.34375
502 32.1631813049316
503 31.4364318847656
504 31.2708473205566
505 31.1310424804688
506 33.124080657959
507 30.8858547210693
508 31.2305355072021
509 31.1917324066162
510 32.1872978210449
511 29.7081832885742
512 31.0148792266846
513 30.9041347503662
514 32.8701629638672
515 32.3930892944336
516 32.1980743408203
517 33.2758140563965
518 30.5526943206787
519 33.5630836486816
520 30.995433807373
521 31.3622055053711
522 31.7278671264648
523 31.881046295166
524 30.8803558349609
525 31.8439693450928
526 31.1189517974854
527 31.8691749572754
528 30.936544418335
529 32.1776695251465
530 31.4610805511475
531 32.4867935180664
532 32.6456069946289
533 32.7954521179199
534 31.0529632568359
535 32.224910736084
536 31.363073348999
537 31.8078231811523
538 32.9768753051758
539 32.3543090820312
540 31.1893062591553
541 32.4662933349609
542 31.9506702423096
543 31.0955753326416
544 32.2396507263184
545 32.7360992431641
546 31.8086929321289
547 31.9345397949219
548 32.0347213745117
549 32.0312309265137
550 30.9241638183594
551 31.761510848999
552 32.1864967346191
553 30.0290927886963
554 30.3525085449219
555 30.864688873291
556 30.6726016998291
557 32.2429809570312
558 30.4161739349365
559 32.6848983764648
560 32.8648910522461
561 32.6909523010254
562 31.6968326568604
563 31.207670211792
564 30.7949523925781
565 34.2075881958008
566 33.7732200622559
567 31.7464084625244
568 32.0539817810059
569 31.4917640686035
570 31.8059711456299
571 30.8749866485596
572 32.1381797790527
573 31.5852928161621
574 32.1297149658203
575 31.9025936126709
576 32.7784118652344
577 31.8732509613037
578 31.7506504058838
579 31.727560043335
580 30.5111217498779
581 31.1704502105713
582 33.6892280578613
583 32.9774322509766
584 30.8593692779541
585 32.2022857666016
586 31.6540470123291
587 31.9781551361084
588 32.253719329834
589 32.432861328125
590 33.3757972717285
591 32.7937278747559
592 32.2440223693848
593 31.1134414672852
594 32.8621520996094
595 33.3593368530273
596 32.2256050109863
597 31.3020572662354
598 32.491771697998
599 32.5778656005859
600 32.5035285949707
601 34.1668663024902
602 32.8395195007324
603 33.468879699707
604 32.6737670898438
605 31.6126308441162
606 32.6801605224609
607 33.0835762023926
608 32.5902366638184
609 32.2996368408203
610 32.6515655517578
611 32.941162109375
612 31.3863277435303
613 33.186164855957
614 33.1437759399414
615 31.1978702545166
616 32.7340431213379
617 32.9349822998047
618 31.474889755249
619 31.4751167297363
620 32.7452735900879
621 32.8779830932617
622 30.7848987579346
623 32.3549652099609
624 32.523624420166
625 32.2306900024414
626 33.3755416870117
627 33.2093391418457
628 32.3257522583008
629 31.8350009918213
630 33.3409309387207
631 33.5348243713379
632 32.6992454528809
633 31.587438583374
634 32.6757621765137
635 33.2350807189941
636 32.3212127685547
637 34.0477714538574
638 34.8781929016113
639 32.1691055297852
640 31.0819549560547
641 31.9101619720459
642 33.7566184997559
643 31.5753021240234
644 32.9702339172363
645 31.86110496521
646 33.0111846923828
647 31.9103164672852
648 32.3559684753418
649 32.4921264648438
650 32.3135032653809
651 33.615894317627
652 34.794002532959
653 33.0008201599121
654 31.2789249420166
655 32.9410247802734
656 32.637020111084
657 32.676383972168
658 33.2629203796387
659 34.6794624328613
660 33.8491325378418
661 34.5113792419434
662 32.7513122558594
663 33.0607490539551
664 32.9878578186035
665 30.8649654388428
666 32.171802520752
667 34.4492797851562
668 32.3932456970215
669 34.0033149719238
670 32.6329689025879
671 33.6155052185059
672 31.631290435791
673 34.3308868408203
674 33.9499549865723
675 32.7286796569824
676 35.1839218139648
677 33.4016723632812
678 33.893138885498
679 33.5458869934082
680 33.9628295898438
681 32.5038795471191
682 35.8240966796875
683 33.1421394348145
684 33.3903007507324
685 32.2225151062012
686 33.6951789855957
687 32.8312873840332
688 33.3190727233887
689 34.4942207336426
690 32.3269805908203
691 35.4761009216309
692 33.5155906677246
693 32.6644897460938
694 36.6291809082031
695 31.8614501953125
696 31.7442493438721
697 34.1414108276367
698 35.9646797180176
699 32.3030395507812
700 33.6876983642578
701 35.6271896362305
702 34.103515625
703 33.3079872131348
704 33.4335823059082
705 36.2017097473145
706 37.1272010803223
707 34.7264785766602
708 34.3920249938965
709 33.0780410766602
710 33.9774131774902
711 34.8320922851562
712 36.381275177002
713 35.1606330871582
714 35.3022155761719
715 33.4567985534668
716 36.8154640197754
717 37.7393341064453
718 34.5287437438965
719 34.8003387451172
720 33.1078147888184
721 37.3140563964844
722 33.6641235351562
723 36.8861274719238
724 33.0901489257812
725 35.8174324035645
726 35.8870429992676
727 34.7594032287598
728 36.0884017944336
729 35.0161895751953
730 34.4554901123047
731 34.345703125
732 31.9712715148926
733 36.1367454528809
734 35.0947952270508
735 34.074951171875
736 36.5596160888672
737 34.4406127929688
738 34.5797538757324
739 37.3641929626465
740 35.7489585876465
741 37.0345611572266
742 35.5021324157715
743 35.1167221069336
744 36.4221229553223
745 34.6075973510742
746 36.6841735839844
747 36.3230667114258
748 35.210994720459
749 36.5298118591309
750 37.0068626403809
751 34.6218223571777
752 34.0028991699219
753 38.3148460388184
754 36.9249496459961
755 35.6703186035156
756 35.7846374511719
757 35.5528144836426
758 36.8118019104004
759 33.8460845947266
760 36.8175277709961
761 34.5248908996582
762 36.2361793518066
763 35.7006340026855
764 35.940559387207
765 37.8769721984863
766 40.0236282348633
767 39.2498588562012
768 35.8573417663574
769 34.722599029541
770 37.5698280334473
771 37.249755859375
772 37.9155349731445
773 36.6409683227539
774 38.0238151550293
775 36.4227104187012
776 38.1197547912598
777 35.423038482666
778 35.0547714233398
779 39.2885932922363
780 36.7599220275879
781 34.9807548522949
782 38.0990371704102
783 38.3291168212891
784 38.9079055786133
785 40.6148300170898
786 38.0522804260254
787 35.9936561584473
788 36.1743431091309
789 36.1358604431152
790 36.3215599060059
791 39.8555908203125
792 36.5919647216797
793 35.9372406005859
794 38.5227966308594
795 38.1887130737305
796 36.6141700744629
797 37.4620590209961
798 39.4210243225098
799 39.2401695251465
800 36.4480628967285
801 35.8038558959961
802 38.1710891723633
803 40.1549072265625
804 38.9227676391602
805 37.0741958618164
806 35.7909965515137
807 35.4798622131348
808 38.9169158935547
809 36.5664482116699
810 38.5153274536133
811 39.6361923217773
812 37.9151229858398
813 39.0325355529785
814 37.7696990966797
815 36.4760971069336
816 38.2746658325195
817 39.5997772216797
818 39.876350402832
819 37.4463272094727
820 40.9213447570801
821 39.6519432067871
822 39.5480270385742
823 36.6662406921387
824 39.349983215332
825 40.7400360107422
826 40.6221923828125
827 43.5275764465332
828 40.5050582885742
829 36.7185020446777
830 39.1924362182617
831 39.7572288513184
832 41.7691383361816
833 39.612907409668
834 39.5237846374512
835 39.4595947265625
836 38.5558280944824
837 41.3749732971191
838 41.3863792419434
839 40.2095603942871
840 39.4193344116211
841 41.135856628418
842 41.1325759887695
843 38.4494400024414
844 38.0030746459961
845 42.5905151367188
846 38.6337928771973
847 39.5005378723145
848 42.4408721923828
849 39.6131706237793
850 40.6037979125977
851 41.6856880187988
852 45.2022018432617
853 40.8555183410645
854 36.1711845397949
855 39.6661796569824
856 38.8816680908203
857 40.8401222229004
858 38.6148567199707
859 42.5755882263184
860 46.0910530090332
861 39.673900604248
862 38.2755393981934
863 44.3669509887695
864 42.5759811401367
865 43.5929794311523
866 44.9742851257324
867 40.4447402954102
868 42.3234176635742
869 45.6062202453613
870 44.8561935424805
871 41.7774047851562
872 42.5704231262207
873 43.9847831726074
874 42.0659942626953
875 41.195613861084
876 44.0256576538086
877 42.8678321838379
878 42.9584884643555
879 44.3393287658691
880 41.9289932250977
881 41.5277709960938
882 45.1640510559082
883 43.9661254882812
884 43.1406478881836
885 43.6456451416016
886 44.638988494873
887 45.3290061950684
888 43.5451164245605
889 42.5539970397949
890 42.5105171203613
891 43.3329620361328
892 47.4702529907227
893 45.7572441101074
894 44.6378707885742
895 45.6443290710449
896 44.3983917236328
897 43.9492950439453
898 45.1078834533691
899 49.7211647033691
900 47.8772926330566
901 42.5391159057617
902 41.8612937927246
903 40.5358200073242
904 43.3918075561523
905 43.7728881835938
906 45.0088424682617
907 46.9517021179199
908 43.1995391845703
909 48.805793762207
910 46.1756973266602
911 43.5629425048828
912 45.1682281494141
913 49.5593681335449
914 44.2494316101074
915 48.4300765991211
916 47.482421875
917 45.384578704834
918 45.4822692871094
919 46.8822746276855
920 49.4272994995117
921 47.1623191833496
922 49.0499420166016
923 49.3389091491699
924 48.5719223022461
925 45.232006072998
926 46.4245071411133
927 47.1633529663086
928 50.0477027893066
929 47.2596969604492
930 45.3182258605957
931 48.0028762817383
932 43.9722099304199
933 53.930233001709
934 46.9013519287109
935 48.4297027587891
936 50.5571022033691
937 46.3218460083008
938 46.7273330688477
939 46.5949516296387
940 45.6735000610352
941 48.9480514526367
942 47.7922439575195
943 48.1345596313477
944 42.9016876220703
945 48.4458885192871
946 44.5412788391113
947 46.5290908813477
948 49.0363235473633
949 46.2118682861328
950 48.3800239562988
951 51.5162620544434
952 47.428955078125
953 50.9005813598633
954 49.3692207336426
955 50.6591529846191
956 48.7809104919434
957 47.2383003234863
958 51.9426460266113
959 50.1208877563477
960 51.2732620239258
961 46.9893951416016
962 47.6617164611816
963 44.9137840270996
964 47.261791229248
965 54.9771614074707
966 49.7767868041992
967 49.8333969116211
968 50.2485046386719
969 51.9994850158691
970 49.1219711303711
971 50.420482635498
972 43.5547294616699
973 50.542293548584
974 49.7590255737305
975 52.4363746643066
976 52.2736282348633
977 52.4910087585449
978 52.7247734069824
979 47.6849975585938
980 50.8603897094727
981 53.0697708129883
982 60.1205520629883
983 49.5345878601074
984 50.5446166992188
985 52.4944801330566
986 58.0098686218262
987 53.4096603393555
988 52.8375625610352
989 50.8184013366699
990 45.4429779052734
991 49.8395805358887
992 52.5108451843262
993 53.5785293579102
994 53.2254486083984
995 54.3748588562012
996 51.8724174499512
997 56.1809158325195
998 55.3222007751465
999 52.6366729736328
1000 50.1614875793457
1001 52.7647171020508
1002 53.8349151611328
1003 53.3532867431641
1004 52.7530937194824
1005 54.6193237304688
1006 52.0006561279297
1007 49.486946105957
1008 56.6490020751953
1009 51.0152435302734
1010 54.3719902038574
1011 53.0181541442871
1012 54.6471290588379
1013 50.4643707275391
1014 55.0294342041016
1015 51.2322654724121
1016 56.9275779724121
1017 57.6899642944336
1018 54.2669372558594
1019 55.5211791992188
1020 54.9867401123047
1021 50.692626953125
1022 57.4819869995117
1023 57.9423904418945
1024 57.5673179626465
1025 55.939525604248
1026 54.326286315918
1027 51.1495704650879
1028 57.4982414245605
1029 55.2554130554199
1030 56.5556526184082
1031 57.4765129089355
1032 60.0176544189453
1033 55.6290512084961
1034 57.7653541564941
1035 59.111888885498
1036 55.8045310974121
1037 56.3259010314941
1038 56.7454032897949
1039 54.4307250976562
1040 59.0631523132324
1041 60.2410430908203
1042 57.308666229248
1043 59.3486442565918
1044 59.8991394042969
1045 55.433895111084
1046 58.6771469116211
1047 62.0206489562988
1048 59.9303741455078
1049 56.8468780517578
1050 58.9453811645508
1051 61.8724403381348
1052 61.3690414428711
1053 56.9668922424316
1054 60.7668533325195
1055 59.5522193908691
1056 57.2784614562988
1057 58.8909225463867
1058 57.1129302978516
1059 58.2702217102051
1060 57.8390808105469
1061 61.7063522338867
1062 57.9243621826172
1063 58.0566444396973
1064 54.762580871582
1065 62.2426948547363
1066 57.0199127197266
1067 59.3091926574707
1068 59.5778388977051
1069 55.519157409668
1070 57.9594268798828
1071 62.265998840332
1072 63.5421028137207
1073 60.4388771057129
1074 60.3958625793457
1075 64.3831558227539
1076 58.5899925231934
1077 62.5745048522949
1078 57.7999305725098
1079 60.3114395141602
1080 60.9274940490723
1081 63.5898704528809
1082 61.0653076171875
1083 60.9644012451172
1084 60.9649391174316
1085 62.1240844726562
1086 64.6620864868164
1087 62.0524787902832
1088 61.5366821289062
1089 61.9286842346191
1090 59.8556442260742
1091 62.6245994567871
1092 61.5254173278809
1093 61.2619743347168
1094 65.5401077270508
1095 60.2077217102051
1096 65.095573425293
1097 61.4077568054199
1098 59.4102630615234
1099 61.1656341552734
1100 62.0477180480957
1101 54.8454666137695
1102 62.4726943969727
1103 59.2630271911621
1104 63.1146697998047
1105 61.2026977539062
1106 59.4340515136719
1107 62.8403663635254
1108 59.8367652893066
1109 61.132080078125
1110 59.5527801513672
1111 65.2147064208984
1112 62.9365310668945
1113 61.9108085632324
1114 64.3785018920898
1115 62.8994369506836
1116 66.5451812744141
1117 64.0000228881836
1118 60.9732208251953
1119 62.9466094970703
1120 62.9216499328613
1121 63.5990409851074
1122 62.8780746459961
1123 62.0323143005371
1124 62.2213668823242
1125 65.8424987792969
1126 60.6542510986328
1127 66.9388275146484
1128 62.7529335021973
1129 61.2248573303223
1130 66.9180908203125
1131 65.6045455932617
1132 66.1492538452148
1133 62.6339683532715
1134 64.2505340576172
1135 66.9681243896484
1136 62.9016571044922
1137 67.749267578125
1138 62.1615905761719
1139 65.8644104003906
1140 66.8874816894531
1141 62.8885231018066
1142 68.8820114135742
1143 66.8085708618164
1144 62.7706909179688
1145 65.244499206543
1146 64.4452209472656
1147 64.0955657958984
1148 66.5367050170898
1149 64.3742141723633
1150 64.1235046386719
1151 68.2328796386719
1152 65.7428817749023
1153 65.3311996459961
1154 63.3896827697754
1155 72.1044464111328
1156 62.2737083435059
1157 69.4136047363281
1158 68.9851226806641
1159 60.4428977966309
1160 67.6897735595703
1161 63.1847190856934
1162 65.8460388183594
1163 68.8767318725586
1164 63.9531784057617
1165 63.5214691162109
1166 69.0363922119141
1167 62.9547119140625
1168 67.0239715576172
1169 66.7723922729492
1170 68.523063659668
1171 70.3138198852539
1172 67.8491592407227
1173 70.148307800293
1174 66.9364700317383
1175 63.9072341918945
1176 67.8670272827148
1177 72.5886611938477
1178 69.0571136474609
1179 64.0011901855469
1180 64.8039474487305
1181 69.7585983276367
1182 68.6448669433594
1183 68.7489318847656
1184 67.9983673095703
1185 62.4962959289551
1186 60.5458183288574
1187 67.7641067504883
1188 70.9815139770508
1189 66.4129791259766
1190 68.8251876831055
1191 66.8268814086914
1192 69.7974853515625
1193 69.3391036987305
1194 66.6729202270508
1195 68.1075210571289
1196 67.6293334960938
1197 69.8275680541992
1198 64.0102691650391
1199 65.5848999023438
1200 65.0993118286133
1201 67.233283996582
1202 66.4679718017578
1203 68.8742828369141
1204 69.6972808837891
1205 70.4939727783203
1206 72.8185958862305
1207 70.1939010620117
1208 68.115592956543
1209 70.1679077148438
1210 70.4460830688477
1211 71.9398498535156
1212 70.7518997192383
1213 69.2481231689453
1214 66.2315216064453
1215 72.5703353881836
1216 70.7368469238281
1217 72.9033126831055
1218 71.7097396850586
1219 71.4835739135742
1220 70.3671112060547
1221 73.8795623779297
1222 69.7902374267578
1223 72.3454360961914
1224 75.0989303588867
1225 72.6152572631836
1226 70.8260269165039
1227 68.2349166870117
1228 70.5271301269531
1229 68.7086639404297
1230 71.2928619384766
1231 68.725471496582
1232 68.9485931396484
1233 69.404411315918
1234 71.0362396240234
1235 70.4232940673828
1236 70.1813583374023
1237 69.950927734375
1238 71.0448989868164
1239 70.9993133544922
1240 71.990104675293
1241 71.0168609619141
1242 71.9348220825195
1243 73.2306060791016
1244 73.1123199462891
1245 70.7880325317383
1246 70.0114669799805
1247 70.2557220458984
1248 71.5514907836914
1249 70.8913726806641
1250 69.4177780151367
1251 68.9884872436523
1252 71.8453140258789
1253 71.3246383666992
1254 70.2581100463867
1255 70.9163665771484
1256 70.4127426147461
1257 69.0196075439453
1258 71.6942443847656
1259 72.8662643432617
1260 72.5432739257812
1261 69.0317459106445
1262 70.9525604248047
1263 68.6179122924805
1264 74.5985336303711
1265 71.4424133300781
1266 73.2455902099609
1267 66.9106674194336
1268 71.0989532470703
1269 72.6288833618164
1270 71.2702026367188
1271 71.5235900878906
1272 70.0350112915039
1273 74.1679916381836
1274 69.1907043457031
1275 73.4376068115234
1276 68.7272033691406
1277 70.3341598510742
1278 73.2466506958008
1279 75.7111129760742
1280 74.230712890625
1281 76.5704116821289
1282 69.3532028198242
1283 74.2253036499023
1284 74.2452163696289
1285 71.0291061401367
1286 71.5894622802734
1287 72.4058380126953
1288 73.0222396850586
1289 77.2377624511719
1290 75.1984710693359
1291 72.8529281616211
1292 71.1960830688477
1293 73.4773788452148
1294 75.6095123291016
1295 71.8019790649414
1296 72.5010604858398
1297 76.1247863769531
1298 74.5334243774414
1299 70.9181442260742
1300 72.4235229492188
1301 73.2539215087891
1302 74.8206329345703
1303 75.4261245727539
1304 73.0150299072266
1305 75.7154159545898
1306 74.3344650268555
1307 73.40185546875
1308 74.5628433227539
1309 76.6460647583008
1310 72.6345138549805
1311 74.6059417724609
1312 74.3037872314453
1313 74.3288192749023
1314 72.8641815185547
1315 71.0929336547852
1316 75.1063842773438
1317 75.7411651611328
1318 75.9312591552734
1319 75.3889770507812
1320 72.6563034057617
1321 74.6476135253906
1322 70.7668991088867
1323 75.8550872802734
1324 74.0168228149414
1325 75.3793106079102
1326 70.085693359375
1327 74.9130859375
1328 75.440559387207
1329 75.1704406738281
1330 75.6867218017578
1331 72.2969055175781
1332 71.9641494750977
1333 76.6756210327148
1334 73.1361083984375
1335 77.5023880004883
1336 77.3757095336914
1337 76.96435546875
1338 70.2385482788086
1339 74.8078384399414
1340 73.925537109375
1341 73.558837890625
1342 74.2651519775391
1343 75.5359420776367
1344 72.0463409423828
1345 76.6584243774414
1346 75.0535049438477
1347 74.6378631591797
1348 76.1454925537109
1349 77.0982666015625
1350 72.2751083374023
1351 78.317626953125
1352 75.7394638061523
1353 75.5981903076172
1354 74.8137435913086
1355 76.4173736572266
1356 75.7047271728516
1357 77.0635833740234
1358 76.3777618408203
1359 75.4603652954102
1360 77.5153503417969
1361 75.3182525634766
1362 73.3101272583008
1363 74.5248794555664
1364 76.9422454833984
1365 77.3582077026367
1366 74.8049468994141
1367 73.9142456054688
1368 74.5566482543945
1369 73.6000518798828
1370 75.0122299194336
1371 75.6756973266602
1372 72.1960678100586
1373 74.270622253418
1374 74.5017166137695
1375 74.365966796875
1376 78.8802490234375
1377 76.7969055175781
1378 73.4163284301758
1379 76.7648620605469
1380 75.2785873413086
1381 72.0221862792969
1382 72.9753646850586
1383 76.3794479370117
1384 73.2082214355469
1385 76.4903106689453
1386 75.7489318847656
1387 76.1535949707031
1388 75.6718444824219
1389 74.1416549682617
1390 75.8619689941406
1391 78.0567932128906
1392 77.543701171875
1393 77.2334518432617
1394 71.0040893554688
1395 73.8376083374023
1396 76.0888061523438
1397 74.8003082275391
1398 74.8871612548828
1399 75.7725296020508
1400 78.2347030639648
1401 75.7045288085938
1402 77.8308944702148
1403 76.8257064819336
1404 78.6731491088867
1405 77.6138534545898
1406 75.9163131713867
1407 73.2250061035156
1408 75.2609405517578
1409 75.0296859741211
1410 77.408576965332
1411 75.3019790649414
1412 76.9397048950195
1413 75.5934524536133
1414 78.4013366699219
1415 76.2330780029297
1416 77.2502822875977
1417 80.0774765014648
1418 77.4587173461914
1419 79.8791275024414
1420 77.5762023925781
1421 78.4549789428711
1422 77.1416015625
1423 75.0938491821289
1424 75.8182678222656
1425 77.2176208496094
1426 77.1009292602539
1427 76.7904281616211
1428 78.3580551147461
1429 79.1808166503906
1430 78.0633392333984
1431 79.1514358520508
1432 79.1311721801758
1433 76.8219757080078
1434 78.1552886962891
1435 77.7569427490234
1436 76.2414169311523
1437 78.5423202514648
1438 78.0210189819336
1439 79.4819869995117
1440 77.3184280395508
1441 78.1526947021484
1442 75.7853775024414
1443 77.2356872558594
1444 80.5859451293945
1445 78.0525817871094
1446 78.3119659423828
1447 77.0944671630859
1448 75.9346694946289
1449 74.610595703125
1450 79.2363128662109
1451 76.8229522705078
1452 77.0182952880859
1453 75.2736129760742
1454 79.40673828125
1455 76.4486923217773
1456 77.4076766967773
1457 80.090087890625
1458 79.5236663818359
1459 77.133674621582
1460 75.5211410522461
1461 80.3288803100586
1462 77.5328216552734
1463 78.7400054931641
1464 75.2108840942383
1465 76.4377288818359
1466 77.588020324707
1467 77.0195999145508
1468 78.7213897705078
1469 79.3868255615234
1470 76.8671722412109
1471 76.5431976318359
1472 76.8590545654297
1473 78.3822174072266
1474 76.7300262451172
1475 75.5924377441406
1476 76.4516448974609
1477 76.489501953125
1478 76.9115829467773
1479 74.1191482543945
1480 77.4279251098633
1481 77.4720687866211
1482 78.7402877807617
1483 76.4375152587891
1484 77.5699920654297
1485 77.4077453613281
1486 76.4603805541992
1487 78.8375396728516
1488 78.5921096801758
1489 78.3028869628906
1490 79.6342163085938
1491 78.0469589233398
1492 76.8049163818359
1493 78.5997848510742
1494 79.4228363037109
1495 77.9429626464844
1496 75.7651214599609
1497 74.2424850463867
1498 78.3056411743164
1499 76.9990692138672
1500 78.1818695068359
1501 77.9414901733398
1502 75.1880569458008
1503 74.9767456054688
1504 80.4817123413086
1505 79.3328170776367
1506 74.6361846923828
1507 77.3490676879883
1508 77.485725402832
1509 79.169921875
1510 79.2134857177734
1511 79.1276092529297
1512 79.1555023193359
1513 79.2014007568359
1514 78.1404266357422
1515 78.2599182128906
1516 78.0471725463867
1517 77.4084854125977
1518 78.1921920776367
1519 78.9512023925781
1520 78.2939529418945
1521 77.2502212524414
1522 78.7954940795898
1523 79.8330612182617
1524 79.5506820678711
1525 78.5061416625977
1526 76.2975234985352
1527 78.1678085327148
1528 77.7856140136719
1529 77.7165222167969
1530 75.7320404052734
1531 76.6392669677734
1532 77.6475067138672
1533 79.3916397094727
1534 79.3004684448242
1535 76.6877517700195
1536 80.0155410766602
1537 77.8394622802734
1538 74.573974609375
1539 77.9135513305664
1540 81.1827850341797
1541 78.7629547119141
1542 77.7291412353516
1543 79.4343338012695
1544 77.0006942749023
1545 78.4284362792969
1546 76.3776168823242
1547 80.2024307250977
1548 77.36572265625
1549 77.5131988525391
1550 79.9280319213867
1551 78.578254699707
1552 77.5986251831055
1553 75.3525924682617
1554 79.3958358764648
1555 78.0980453491211
1556 77.2845840454102
1557 78.6344909667969
1558 77.8379821777344
1559 77.9751129150391
1560 78.2278823852539
1561 78.7534484863281
1562 77.8860168457031
1563 79.5449676513672
1564 76.4158477783203
1565 77.1629257202148
1566 79.8146209716797
1567 79.6532135009766
1568 78.5713348388672
1569 79.3809127807617
1570 79.2071304321289
1571 77.4794769287109
1572 76.5115509033203
1573 78.1446075439453
1574 77.4358978271484
1575 77.7032470703125
1576 78.3209533691406
1577 79.4250335693359
1578 79.0172882080078
1579 79.5460433959961
1580 80.9126739501953
1581 79.9944686889648
1582 80.3305511474609
1583 77.9051208496094
1584 80.492317199707
1585 81.4611129760742
1586 77.9137878417969
1587 77.5281829833984
1588 77.15234375
1589 79.0885620117188
1590 78.7825927734375
1591 78.8727874755859
1592 79.4476089477539
1593 78.4584197998047
1594 79.7148971557617
1595 78.1611328125
1596 77.2182464599609
1597 79.5760345458984
1598 79.7339630126953
1599 75.6071472167969
1600 77.2214736938477
1601 79.7390213012695
1602 79.2214126586914
1603 79.5480194091797
1604 80.4007415771484
1605 78.6990280151367
1606 79.2473297119141
1607 78.0884704589844
1608 74.0839157104492
1609 79.669807434082
1610 80.8301544189453
1611 78.0105895996094
1612 79.0896530151367
1613 80.6615371704102
1614 80.0796890258789
1615 79.3503952026367
1616 79.2122497558594
1617 77.9472808837891
1618 79.4046859741211
1619 80.1787414550781
1620 77.8977355957031
1621 79.6540756225586
1622 76.7241973876953
1623 78.3060760498047
1624 79.4048004150391
1625 80.9941558837891
1626 80.4334487915039
1627 79.9118041992188
1628 80.2179107666016
1629 79.1464080810547
1630 77.5749282836914
1631 79.4941635131836
1632 79.1466979980469
1633 75.9584808349609
1634 79.9501571655273
1635 77.2348480224609
1636 79.8531112670898
1637 80.070686340332
1638 75.7618408203125
1639 78.9795989990234
1640 77.1154327392578
1641 80.0968017578125
1642 77.1524658203125
1643 78.4546432495117
1644 78.6361694335938
1645 79.5959854125977
1646 80.3805999755859
1647 80.0634002685547
1648 77.3088912963867
1649 80.8311996459961
1650 79.6834564208984
1651 77.6356735229492
1652 80.9593276977539
1653 79.2742919921875
1654 79.9964447021484
1655 79.4203872680664
1656 80.7148284912109
1657 78.9175567626953
1658 79.7025604248047
1659 80.4336166381836
1660 79.1371078491211
1661 77.4997329711914
1662 80.1171112060547
1663 79.1630706787109
1664 79.2118530273438
1665 80.236083984375
1666 80.7688751220703
1667 80.5723190307617
1668 78.936279296875
1669 78.3868408203125
1670 81.2934875488281
1671 81.4960174560547
1672 81.1502380371094
1673 80.5467758178711
1674 79.7014312744141
1675 76.7770385742188
1676 80.7053298950195
1677 79.8728408813477
1678 78.8195419311523
1679 79.6951751708984
1680 77.5017623901367
1681 78.1669464111328
1682 77.3856582641602
1683 78.0650634765625
1684 79.5265579223633
1685 79.6853561401367
1686 78.8147964477539
1687 81.1667785644531
1688 80.7644119262695
1689 77.5171890258789
1690 81.6774063110352
1691 80.0046234130859
1692 79.4905776977539
1693 79.4102783203125
1694 78.2600631713867
1695 78.5525588989258
1696 79.6201477050781
1697 79.9458465576172
1698 77.3168640136719
1699 80.4377975463867
1700 80.5629653930664
1701 78.400390625
1702 79.2464370727539
1703 81.6249160766602
1704 80.5335540771484
1705 80.184700012207
1706 82.0889129638672
1707 80.5158462524414
1708 80.4013290405273
1709 79.2599716186523
1710 81.2419586181641
1711 80.7224273681641
1712 79.9195938110352
1713 78.9786605834961
1714 79.1658248901367
1715 80.3319625854492
1716 79.7466888427734
1717 79.741096496582
1718 79.4787063598633
1719 80.0178909301758
1720 79.1703948974609
1721 80.9930725097656
1722 78.491828918457
1723 80.4427490234375
1724 81.6071624755859
1725 78.3902816772461
1726 80.8608474731445
1727 80.2875671386719
1728 80.1815414428711
1729 79.6143493652344
1730 80.5559539794922
1731 80.2261276245117
1732 78.7782363891602
1733 79.8176727294922
1734 78.2641296386719
1735 79.3027191162109
1736 80.1084136962891
1737 78.1448745727539
1738 78.7005996704102
1739 78.0286483764648
1740 80.5235214233398
1741 75.8177337646484
1742 78.5972213745117
1743 81.4983596801758
1744 79.8506927490234
1745 77.4337997436523
1746 79.8273391723633
1747 80.8113784790039
1748 78.5406265258789
1749 77.3507537841797
1750 81.6074905395508
1751 79.4718551635742
1752 80.3090591430664
1753 80.0325622558594
1754 80.5692138671875
1755 78.7593002319336
1756 81.9801864624023
1757 80.5413284301758
1758 80.2266311645508
1759 81.455322265625
1760 80.6094589233398
1761 78.2769470214844
1762 80.9305572509766
1763 82.4619674682617
1764 80.649787902832
1765 80.5910263061523
1766 79.5448684692383
1767 80.8383026123047
1768 79.3513412475586
1769 79.2879791259766
1770 78.1882095336914
1771 80.2105407714844
1772 79.7569427490234
1773 81.2036514282227
1774 81.1991195678711
1775 81.6087875366211
1776 79.7171249389648
1777 82.3003005981445
1778 80.1794586181641
1779 79.2782669067383
1780 81.0227432250977
1781 81.9823455810547
1782 81.3938369750977
1783 82.3196868896484
1784 80.6508178710938
1785 81.5890274047852
1786 81.8962936401367
1787 81.2951354980469
1788 80.7070388793945
1789 80.8594131469727
1790 81.4009857177734
1791 79.5502777099609
1792 79.4659118652344
1793 78.5469284057617
1794 81.9911346435547
1795 80.9363708496094
1796 80.3215866088867
1797 81.0481033325195
1798 80.8470306396484
1799 81.4269180297852
1800 81.8313522338867
1801 81.3498916625977
1802 80.9098358154297
1803 80.1243743896484
1804 79.3173141479492
1805 81.4318618774414
1806 80.3945541381836
1807 80.4703674316406
1808 78.7348937988281
1809 80.6078186035156
1810 78.4988098144531
1811 81.7698669433594
1812 81.9299621582031
1813 81.0589981079102
1814 80.2766876220703
1815 79.3591613769531
1816 78.3176116943359
1817 80.0143356323242
1818 80.1907424926758
1819 79.7172241210938
1820 82.3266754150391
1821 78.5483245849609
1822 82.4031524658203
1823 81.0654449462891
1824 80.193733215332
1825 79.9134902954102
1826 80.7217330932617
1827 81.7869491577148
1828 79.0068511962891
1829 80.4958572387695
1830 81.0783615112305
1831 80.3201751708984
1832 80.0092010498047
1833 81.3373641967773
1834 81.460578918457
1835 80.1088333129883
1836 79.7163543701172
1837 80.5730972290039
1838 79.6895370483398
1839 78.797721862793
1840 81.5097198486328
1841 81.4034271240234
1842 80.833625793457
1843 80.9501953125
1844 79.8141784667969
1845 81.6004638671875
1846 80.1792526245117
1847 80.916259765625
1848 81.2731857299805
1849 80.6268157958984
1850 81.1616516113281
1851 78.0555038452148
1852 80.1274719238281
1853 79.7764129638672
1854 79.5744934082031
1855 80.1614990234375
1856 80.4107513427734
1857 81.5851287841797
1858 79.8280868530273
1859 80.1063003540039
1860 80.5450439453125
1861 79.8213577270508
1862 80.3487396240234
1863 78.5761871337891
1864 80.6345062255859
1865 79.2433547973633
1866 80.1109771728516
1867 80.7371292114258
1868 80.4293365478516
1869 81.8277587890625
1870 79.9561233520508
1871 80.7199554443359
1872 81.4634323120117
1873 80.3522644042969
1874 82.3724365234375
1875 80.1925888061523
1876 80.3702011108398
1877 82.0766067504883
1878 81.5706253051758
1879 82.0742950439453
1880 80.1080627441406
1881 80.3852691650391
1882 80.1914901733398
1883 81.9980773925781
1884 78.8322219848633
1885 79.4704284667969
1886 81.5045394897461
1887 79.6906433105469
1888 81.9863357543945
1889 80.3168106079102
1890 78.9757919311523
1891 79.1504287719727
1892 80.0906295776367
1893 79.5162124633789
1894 81.7720642089844
1895 79.0811080932617
1896 81.191780090332
1897 80.8954010009766
1898 82.2792816162109
1899 81.8461227416992
1900 80.6621932983398
1901 80.1063613891602
1902 79.9430541992188
1903 80.5377655029297
1904 79.8543472290039
1905 80.1856155395508
1906 80.1889724731445
1907 80.2327575683594
1908 81.1201705932617
1909 80.6094284057617
1910 80.6362380981445
1911 82.2942886352539
1912 81.1633071899414
1913 80.3665618896484
1914 80.6950531005859
1915 81.9194030761719
1916 78.7528076171875
1917 80.0350494384766
1918 82.6854019165039
1919 80.3447723388672
1920 80.9861373901367
1921 81.2474212646484
1922 80.1138076782227
1923 79.9417037963867
1924 80.3292999267578
1925 80.0023040771484
1926 80.0204238891602
1927 81.5797729492188
1928 79.6018371582031
1929 80.0068817138672
1930 81.0765151977539
1931 81.4993133544922
1932 79.1919479370117
1933 82.2735443115234
1934 82.842529296875
1935 81.3350524902344
1936 81.4069519042969
1937 81.3773574829102
1938 81.3790588378906
1939 80.1267623901367
1940 79.3918609619141
1941 72.6041030883789
1942 79.9454498291016
1943 78.8511810302734
1944 81.7997894287109
1945 81.3896331787109
1946 80.5525436401367
1947 82.251579284668
1948 77.2268295288086
1949 77.306396484375
1950 78.3295288085938
1951 80.0505218505859
1952 79.7009582519531
1953 79.5614852905273
1954 79.7468032836914
1955 78.7455749511719
1956 77.4266586303711
1957 81.0346298217773
1958 81.1909027099609
1959 79.4611206054688
1960 80.7892303466797
1961 81.8747406005859
1962 81.1055679321289
1963 82.3517150878906
1964 81.9364242553711
1965 81.4723663330078
1966 79.6028594970703
1967 81.7780914306641
1968 80.0419921875
1969 81.6175689697266
1970 80.8631744384766
1971 81.5962371826172
1972 79.9524765014648
1973 82.3384094238281
1974 81.0516052246094
1975 82.7891006469727
1976 80.9913558959961
1977 81.9341659545898
1978 80.5879592895508
1979 81.9545516967773
1980 81.5393447875977
1981 79.3477630615234
1982 81.3043441772461
1983 82.2056198120117
1984 81.4739456176758
1985 81.5972366333008
1986 81.4034042358398
1987 81.0786666870117
1988 80.8360824584961
1989 82.8050308227539
1990 81.0032806396484
1991 81.5792846679688
1992 81.1768341064453
1993 82.0345458984375
1994 81.2778701782227
1995 81.2806167602539
1996 79.8432922363281
1997 80.8130416870117
1998 80.5181045532227
1999 81.5246963500977
