1 -0.172073051333427
2 -0.575373113155365
3 -0.555656611919403
4 -0.348941415548325
5 -0.256809204816818
6 -0.2550108730793
7 0.0157252866774797
8 0.316695958375931
9 0.216384023427963
10 0.283659726381302
11 0.594700038433075
12 0.467390865087509
13 0.70151287317276
14 0.799491882324219
15 0.948478758335114
16 0.816923201084137
17 0.805176675319672
18 1.00923609733582
19 1.32275819778442
20 1.16044914722443
21 1.34618997573853
22 2.30436968803406
23 2.14949154853821
24 2.33632564544678
25 2.01712274551392
26 3.59994316101074
27 3.40691208839417
28 4.04894256591797
29 3.80783224105835
30 4.14625406265259
31 4.66841888427734
32 6.06861352920532
33 6.75409460067749
34 7.30560731887817
35 8.11314105987549
36 7.83283185958862
37 9.13264560699463
38 9.08129692077637
39 9.65464782714844
40 11.1904344558716
41 10.6124534606934
42 13.1041450500488
43 12.1260261535645
44 12.2166337966919
45 14.0575761795044
46 14.8647165298462
47 16.3550701141357
48 15.9052705764771
49 17.1863632202148
50 17.5121803283691
51 17.7714195251465
52 17.9574108123779
53 18.6030960083008
54 19.8061943054199
55 19.5451183319092
56 20.0423717498779
57 20.290355682373
58 21.4285182952881
59 21.1332340240479
60 21.5362186431885
61 21.8996829986572
62 22.2142505645752
63 22.7285976409912
64 22.6275367736816
65 22.6165962219238
66 22.7505397796631
67 22.5669860839844
68 23.1320323944092
69 23.5034294128418
70 23.1307239532471
71 23.9361000061035
72 23.8905506134033
73 23.725700378418
74 23.7103309631348
75 23.9418544769287
76 23.9827842712402
77 24.2938327789307
78 24.2582359313965
79 24.7723903656006
80 24.2414894104004
81 24.4001922607422
82 24.281608581543
83 24.9377708435059
84 24.4556579589844
85 24.8968467712402
86 25.5182685852051
87 25.3933544158936
88 25.4824314117432
89 25.3982925415039
90 25.7105560302734
91 26.1393909454346
92 25.6737785339355
93 25.8596363067627
94 26.3342666625977
95 26.375072479248
96 26.3163032531738
97 26.7087097167969
98 26.2941360473633
99 26.6782703399658
100 26.9617214202881
101 27.4690132141113
102 26.9796981811523
103 27.2272720336914
104 27.2896633148193
105 27.5793571472168
106 27.507345199585
107 27.5038661956787
108 27.4873085021973
109 28.4153480529785
110 27.7064075469971
111 27.7335166931152
112 28.1835517883301
113 28.1138820648193
114 27.9970474243164
115 27.9245262145996
116 28.5107498168945
117 28.1562232971191
118 28.9040374755859
119 28.8018741607666
120 28.5942687988281
121 29.5941505432129
122 28.9785995483398
123 28.818172454834
124 29.0598430633545
125 28.0437545776367
126 28.4554843902588
127 28.3434562683105
128 28.7188186645508
129 28.7469081878662
130 29.3488712310791
131 28.6825485229492
132 28.468297958374
133 28.4836254119873
134 28.2431983947754
135 29.0765857696533
136 28.6090774536133
137 29.3751277923584
138 29.2682971954346
139 28.5824527740479
140 28.6381874084473
141 29.1839962005615
142 28.938533782959
143 29.0810832977295
144 28.868522644043
145 29.2309608459473
146 28.9944114685059
147 28.4756126403809
148 28.6279640197754
149 29.5707302093506
150 29.0612392425537
151 29.3787879943848
152 29.9241638183594
153 29.2749290466309
154 28.9772891998291
155 29.2670230865479
156 30.1928577423096
157 29.5066833496094
158 29.3073081970215
159 28.9492225646973
160 28.7465934753418
161 29.576774597168
162 29.1559638977051
163 29.802806854248
164 29.5910167694092
165 30.5338077545166
166 30.2649192810059
167 29.266622543335
168 29.5483245849609
169 29.903715133667
170 29.6233196258545
171 29.9373207092285
172 28.9433097839355
173 29.1811218261719
174 30.0973987579346
175 28.9635562896729
176 28.9761371612549
177 31.0913791656494
178 30.2175998687744
179 30.1423301696777
180 29.4294872283936
181 29.8880004882812
182 29.5394077301025
183 30.4056053161621
184 29.8199501037598
185 29.787181854248
186 29.781566619873
187 30.7665348052979
188 29.30419921875
189 29.7576351165771
190 29.0722503662109
191 30.0086441040039
192 30.305980682373
193 30.5934410095215
194 30.6338329315186
195 30.4461841583252
196 29.8445472717285
197 29.8829574584961
198 29.1189880371094
199 30.8080921173096
200 30.174352645874
201 30.1910266876221
202 30.5128269195557
203 31.0499439239502
204 30.1454944610596
205 29.7549991607666
206 29.9343547821045
207 30.0396175384521
208 29.3078727722168
209 30.4893531799316
210 30.6044692993164
211 30.2157497406006
212 29.705228805542
213 30.3377704620361
214 29.7494449615479
215 29.1811542510986
216 30.4493007659912
217 29.8754920959473
218 30.2801036834717
219 30.6668300628662
220 29.7244205474854
221 30.6748657226562
222 30.3258457183838
223 30.1203784942627
224 29.8084411621094
225 30.3916301727295
226 30.2143249511719
227 29.8563270568848
228 30.8941383361816
229 30.3583812713623
230 29.6784000396729
231 29.9430828094482
232 30.0355243682861
233 30.7196865081787
234 30.6642055511475
235 31.0214443206787
236 30.9449157714844
237 31.2581272125244
238 30.4365348815918
239 30.7069892883301
240 30.2514419555664
241 30.0411853790283
242 30.7242107391357
243 29.8369617462158
244 30.7114715576172
245 30.6712684631348
246 30.9677639007568
247 31.2877235412598
248 30.45143699646
249 29.7714347839355
250 30.2561836242676
251 30.3789882659912
252 30.5024089813232
253 31.6184024810791
254 30.9577083587646
255 30.8276309967041
256 30.4145107269287
257 30.30322265625
258 30.0346794128418
259 30.4764080047607
260 30.9051513671875
261 30.3989963531494
262 30.250186920166
263 31.0669403076172
264 31.201639175415
265 30.4097633361816
266 30.6855602264404
267 30.2665271759033
268 31.4698925018311
269 30.2396869659424
270 30.6875381469727
271 30.0861759185791
272 31.2963256835938
273 31.0268211364746
274 30.3493709564209
275 30.7507362365723
276 30.0523128509521
277 30.6560802459717
278 30.3040523529053
279 30.3619899749756
280 30.6023864746094
281 32.7119293212891
282 31.6623268127441
283 30.1252384185791
284 30.8845558166504
285 30.2633781433105
286 30.2976360321045
287 30.363037109375
288 31.0570983886719
289 31.1433067321777
290 31.2111492156982
291 31.0323219299316
292 31.9505271911621
293 32.2262992858887
294 30.6199283599854
295 31.1200618743896
296 30.6379432678223
297 30.2297534942627
298 30.2592735290527
299 31.1464958190918
300 30.9120674133301
301 29.9466552734375
302 31.2102661132812
303 30.1259803771973
304 31.9510288238525
305 30.9637622833252
306 29.7191600799561
307 31.0724716186523
308 32.3938674926758
309 31.7017650604248
310 31.176736831665
311 31.7864398956299
312 30.669828414917
313 31.5037422180176
314 30.8033390045166
315 30.6663246154785
316 30.5051212310791
317 31.560489654541
318 31.8744373321533
319 31.3757019042969
320 31.7081851959229
321 30.9170207977295
322 32.2223625183105
323 30.7229442596436
324 30.6899528503418
325 31.5944404602051
326 31.4150657653809
327 32.3099174499512
328 32.1547698974609
329 30.5009384155273
330 31.6898746490479
331 31.1894092559814
332 31.2803287506104
333 31.9086685180664
334 31.3062362670898
335 31.4308376312256
336 31.7312049865723
337 32.6449966430664
338 31.280590057373
339 31.69997215271
340 31.9938526153564
341 31.6017761230469
342 31.2297058105469
343 32.5151977539062
344 31.8438739776611
345 31.599142074585
346 31.5615005493164
347 31.2705783843994
348 30.8173007965088
349 30.1775741577148
350 31.4236965179443
351 31.3184070587158
352 30.0542793273926
353 31.5296592712402
354 30.6805286407471
355 32.5088348388672
356 32.0226097106934
357 32.239688873291
358 31.2347621917725
359 34.3617401123047
360 31.5478248596191
361 33.1804885864258
362 31.5472259521484
363 32.2773551940918
364 31.6680679321289
365 31.0025939941406
366 31.1350326538086
367 32.3737487792969
368 32.2543754577637
369 32.8051414489746
370 31.4220085144043
371 31.8969230651855
372 30.7162685394287
373 31.3449058532715
374 30.2519226074219
375 30.6582851409912
376 31.4034252166748
377 31.4377021789551
378 32.5089797973633
379 31.4617786407471
380 31.1530342102051
381 30.9362411499023
382 32.2455520629883
383 32.3053398132324
384 31.31032371521
385 30.3776359558105
386 32.3296661376953
387 33.053638458252
388 31.567777633667
389 31.936149597168
390 32.1449546813965
391 32.8315544128418
392 31.8879222869873
393 33.0239181518555
394 31.7324390411377
395 32.1360855102539
396 33.2007827758789
397 32.3195610046387
398 32.3760032653809
399 33.5834693908691
400 32.6725730895996
401 32.0600814819336
402 30.2969570159912
403 32.942066192627
404 33.3665466308594
405 31.0869064331055
406 32.3831253051758
407 32.6092872619629
408 32.8136711120605
409 33.147575378418
410 32.2453155517578
411 31.4053516387939
412 31.9115200042725
413 33.0595970153809
414 32.9083137512207
415 33.996509552002
416 32.6506729125977
417 33.0830879211426
418 32.0649261474609
419 32.5622329711914
420 31.9252681732178
421 32.1293144226074
422 32.6811447143555
423 33.1036567687988
424 36.0352439880371
425 34.1010055541992
426 32.8555297851562
427 31.772367477417
428 33.2860221862793
429 32.4452590942383
430 31.6845817565918
431 33.3264999389648
432 33.4070816040039
433 32.5506973266602
434 32.9824829101562
435 32.1353492736816
436 33.5800361633301
437 31.7132968902588
438 33.4843254089355
439 31.4344882965088
440 32.0542106628418
441 35.1859970092773
442 32.0660667419434
443 33.1257858276367
444 32.3271102905273
445 31.507884979248
446 31.9714298248291
447 31.9439277648926
448 32.2270584106445
449 32.9310760498047
450 33.7423362731934
451 31.6264133453369
452 32.0956802368164
453 32.5155944824219
454 32.9790420532227
455 30.2650260925293
456 31.741361618042
457 32.2981071472168
458 33.1658134460449
459 31.3480777740479
460 34.3275527954102
461 32.5432395935059
462 31.3015651702881
463 33.8654632568359
464 32.0064468383789
465 31.7576026916504
466 32.1477127075195
467 34.4706497192383
468 33.7090950012207
469 32.5434837341309
470 33.311767578125
471 32.4045066833496
472 30.64208984375
473 32.5793876647949
474 33.0991363525391
475 33.6339988708496
476 33.459114074707
477 31.3505535125732
478 33.2387161254883
479 32.8240432739258
480 33.9332542419434
481 32.2434921264648
482 34.1102485656738
483 34.8836936950684
484 32.4199409484863
485 32.3705978393555
486 32.6783103942871
487 31.305326461792
488 33.6129608154297
489 31.6025333404541
490 33.2501792907715
491 33.1503410339355
492 35.8696060180664
493 31.6153831481934
494 33.7430229187012
495 31.8439636230469
496 32.1071853637695
497 34.2831230163574
498 33.7851829528809
499 33.7509422302246
500 33.7797431945801
501 34.438175201416
502 32.3187026977539
503 32.9683799743652
504 31.795280456543
505 31.6728382110596
506 34.0190773010254
507 33.3249969482422
508 33.6194190979004
509 35.0693511962891
510 32.8368110656738
511 32.3283615112305
512 32.6346702575684
513 32.7168197631836
514 33.3253898620605
515 33.203540802002
516 34.1081237792969
517 33.1784210205078
518 32.6365242004395
519 34.4880180358887
520 33.503044128418
521 32.4969062805176
522 31.7566757202148
523 32.1283073425293
524 34.046257019043
525 33.4362525939941
526 33.7585411071777
527 34.085319519043
528 32.6963081359863
529 33.3064117431641
530 33.8650856018066
531 32.8895988464355
532 33.308780670166
533 33.6546020507812
534 30.9389762878418
535 33.4225044250488
536 32.3621559143066
537 34.855339050293
538 32.7201881408691
539 34.0971527099609
540 33.4491348266602
541 32.4922828674316
542 37.1006126403809
543 32.9604530334473
544 33.4811592102051
545 33.7123069763184
546 32.5775566101074
547 31.6513957977295
548 32.6423568725586
549 34.2450790405273
550 33.4169273376465
551 34.6897201538086
552 33.0563659667969
553 34.1345748901367
554 33.2146148681641
555 32.1808853149414
556 33.7425765991211
557 31.8192005157471
558 32.2989158630371
559 33.8874549865723
560 33.9581298828125
561 32.9650230407715
562 33.4346580505371
563 33.8231048583984
564 34.3874206542969
565 33.7812576293945
566 33.124137878418
567 32.9058570861816
568 33.1790390014648
569 32.7053909301758
570 34.3695793151855
571 32.2031288146973
572 33.2432403564453
573 33.4444847106934
574 34.808910369873
575 33.7851066589355
576 33.2688674926758
577 32.1828804016113
578 32.4680213928223
579 33.1720962524414
580 33.3176231384277
581 32.0837211608887
582 33.9182662963867
583 35.7703857421875
584 33.6960945129395
585 35.0663833618164
586 32.8303909301758
587 33.2643699645996
588 33.628101348877
589 34.94921875
590 33.8050651550293
591 35.3065986633301
592 34.0647239685059
593 34.2444915771484
594 35.1279296875
595 32.765941619873
596 32.2538719177246
597 32.7319717407227
598 32.7490348815918
599 32.7048683166504
600 32.3096504211426
601 35.8754692077637
602 35.4857635498047
603 32.1302070617676
604 32.7003288269043
605 32.9977951049805
606 32.5200805664062
607 34.0746803283691
608 34.081485748291
609 33.61767578125
610 33.9866065979004
611 33.0515098571777
612 31.5301723480225
613 34.0168266296387
614 31.7851123809814
615 35.1993026733398
616 32.8216323852539
617 34.1271553039551
618 31.7858295440674
619 32.0831718444824
620 35.8885879516602
621 33.6683349609375
622 32.3912773132324
623 33.9469223022461
624 33.9636001586914
625 34.254093170166
626 33.0017509460449
627 33.8662567138672
628 33.7482795715332
629 32.8309097290039
630 32.4127616882324
631 32.2525177001953
632 34.0337104797363
633 31.9328174591064
634 32.3166465759277
635 34.690128326416
636 33.896110534668
637 32.1712112426758
638 36.4843292236328
639 32.9194717407227
640 33.7121505737305
641 33.3897514343262
642 33.2858810424805
643 34.0148048400879
644 32.7082977294922
645 32.1866569519043
646 32.4591789245605
647 33.2615966796875
648 35.5229721069336
649 32.0839996337891
650 32.8947448730469
651 33.0514297485352
652 32.5426597595215
653 33.0961570739746
654 34.4786567687988
655 33.9793891906738
656 33.1162223815918
657 32.8797225952148
658 35.7215843200684
659 33.5969886779785
660 33.0057601928711
661 33.5726585388184
662 34.6083793640137
663 33.7868461608887
664 33.681510925293
665 34.1921844482422
666 33.2608604431152
667 32.9246406555176
668 33.1531028747559
669 35.4766807556152
670 32.6987113952637
671 30.861270904541
672 33.8696708679199
673 32.6066551208496
674 33.2742919921875
675 32.5968704223633
676 32.945686340332
677 32.4323272705078
678 32.4073028564453
679 32.1851119995117
680 33.5934066772461
681 34.9379768371582
682 34.281421661377
683 33.8357734680176
684 31.8661956787109
685 34.2384757995605
686 32.5082626342773
687 34.1833763122559
688 33.0845756530762
689 33.7084579467773
690 33.2346687316895
691 34.6086502075195
692 31.9506244659424
693 36.6783447265625
694 33.3660469055176
695 33.624828338623
696 33.4485740661621
697 32.5416641235352
698 33.1018867492676
699 32.6818962097168
700 34.6477928161621
701 33.384334564209
702 34.132381439209
703 33.0966758728027
704 32.9207534790039
705 34.3600921630859
706 34.0297355651855
707 34.8838653564453
708 33.2992095947266
709 32.8400382995605
710 33.2173042297363
711 33.2502288818359
712 34.7227058410645
713 32.534423828125
714 34.5971488952637
715 33.6164436340332
716 34.0500259399414
717 34.1764488220215
718 32.2750663757324
719 32.0209770202637
720 32.9382247924805
721 35.1866188049316
722 35.6699295043945
723 33.2453269958496
724 33.3260841369629
725 34.1511611938477
726 32.6000366210938
727 34.6177558898926
728 34.8231658935547
729 35.0277824401855
730 33.6000099182129
731 33.3514022827148
732 33.3825416564941
733 34.0543251037598
734 34.4465560913086
735 35.8340721130371
736 35.4271202087402
737 34.0308227539062
738 34.5270347595215
739 34.0036392211914
740 35.3828544616699
741 35.2577056884766
742 35.0022163391113
743 33.0850601196289
744 35.7526664733887
745 34.7395477294922
746 33.974681854248
747 32.8668937683105
748 32.4137535095215
749 34.6591720581055
750 33.6927604675293
751 36.1532249450684
752 34.3684921264648
753 34.8041839599609
754 33.9327812194824
755 34.3615531921387
756 33.557315826416
757 32.1333198547363
758 35.0493583679199
759 35.7597198486328
760 34.8762474060059
761 34.9778060913086
762 35.5407943725586
763 34.5441856384277
764 34.8766136169434
765 34.4874610900879
766 32.640941619873
767 36.6544723510742
768 34.4095153808594
769 32.8019065856934
770 35.6909065246582
771 32.4171867370605
772 33.7873687744141
773 33.631763458252
774 33.7044410705566
775 35.3026313781738
776 34.0179252624512
777 36.3193626403809
778 33.3004493713379
779 36.5856552124023
780 34.1417694091797
781 33.7498397827148
782 36.2935409545898
783 35.2406959533691
784 33.2328796386719
785 34.9171409606934
786 33.5818367004395
787 33.0275230407715
788 35.0265808105469
789 35.9107627868652
790 33.8329963684082
791 33.3953018188477
792 36.3048820495605
793 34.1125564575195
794 33.7890434265137
795 35.131103515625
796 35.7215461730957
797 33.6771774291992
798 35.2854881286621
799 33.9018707275391
800 33.0032615661621
801 33.5929069519043
802 34.0881195068359
803 33.8978691101074
804 36.0993041992188
805 35.2250785827637
806 34.2930030822754
807 34.0791625976562
808 33.854564666748
809 36.5226898193359
810 34.766414642334
811 33.7315101623535
812 34.6778182983398
813 33.8523101806641
814 34.2562103271484
815 36.5589408874512
816 36.2942161560059
817 33.0327072143555
818 33.5780258178711
819 35.8417282104492
820 35.1450843811035
821 34.3224143981934
822 34.8713455200195
823 35.2286567687988
824 34.1644325256348
825 36.2604179382324
826 34.9291381835938
827 34.8442001342773
828 36.4510726928711
829 36.0034408569336
830 37.1112632751465
831 36.3945579528809
832 37.4095497131348
833 35.0928344726562
834 35.8488731384277
835 36.1819229125977
836 35.0475082397461
837 35.1510810852051
838 34.5795707702637
839 35.0438117980957
840 35.2459182739258
841 36.7253112792969
842 34.6840553283691
843 33.4160423278809
844 35.1925010681152
845 33.3678741455078
846 34.854175567627
847 37.1690864562988
848 34.7186584472656
849 34.7133865356445
850 34.7285575866699
851 34.7467994689941
852 35.9334526062012
853 35.0656433105469
854 34.2154998779297
855 37.8479270935059
856 36.0984573364258
857 33.142749786377
858 36.9821968078613
859 35.0979270935059
860 35.4078788757324
861 35.9766235351562
862 35.1804962158203
863 34.1444625854492
864 33.8402214050293
865 34.8098564147949
866 37.4035148620605
867 37.3133773803711
868 36.2150268554688
869 36.4579620361328
870 36.6843490600586
871 36.5392227172852
872 34.6289863586426
873 36.3870124816895
874 35.2207565307617
875 32.5843467712402
876 36.0926055908203
877 37.3521614074707
878 36.3192253112793
879 36.9380149841309
880 35.1200294494629
881 35.213436126709
882 36.4749336242676
883 36.0696067810059
884 36.5147972106934
885 33.265998840332
886 36.6169357299805
887 35.140251159668
888 33.5308799743652
889 36.0676727294922
890 36.4241027832031
891 34.582592010498
892 34.7890815734863
893 37.4215812683105
894 37.4896926879883
895 34.7511711120605
896 35.7464408874512
897 36.1895637512207
898 34.3748054504395
899 37.4216613769531
900 34.0036392211914
901 35.8147163391113
902 34.962230682373
903 34.9956703186035
904 36.5543556213379
905 34.8560485839844
906 35.0135726928711
907 37.9283447265625
908 36.1808052062988
909 34.8974266052246
910 36.617317199707
911 36.1285820007324
912 37.2105445861816
913 37.4567489624023
914 35.2183723449707
915 34.434211730957
916 34.9750289916992
917 35.7810211181641
918 37.319522857666
919 34.2045364379883
920 35.6037254333496
921 35.435173034668
922 33.8176307678223
923 35.3655815124512
924 36.1820640563965
925 36.9879875183105
926 37.8444366455078
927 35.629322052002
928 34.7352867126465
929 37.9482803344727
930 38.5404205322266
931 35.7869148254395
932 35.2847785949707
933 36.7486419677734
934 33.3047294616699
935 35.3655128479004
936 33.8677825927734
937 34.7790374755859
938 37.9844741821289
939 37.3120193481445
940 38.5255165100098
941 35.4293022155762
942 36.0967254638672
943 37.7621269226074
944 36.3715209960938
945 37.9092597961426
946 38.4466552734375
947 37.0829200744629
948 36.9475250244141
949 36.3827056884766
950 36.037425994873
951 35.8100433349609
952 36.1256294250488
953 37.8940963745117
954 36.585132598877
955 39.769157409668
956 37.8556137084961
957 37.6922416687012
958 35.8071250915527
959 36.4808044433594
960 39.2375144958496
961 38.9247169494629
962 35.5665130615234
963 37.1039733886719
964 37.0174179077148
965 39.9984359741211
966 36.6518096923828
967 38.3416633605957
968 36.3499031066895
969 36.8839912414551
970 38.6282157897949
971 35.4599456787109
972 38.5229988098145
973 35.1576919555664
974 36.2322654724121
975 36.6119384765625
976 39.1180953979492
977 36.6277236938477
978 36.3759384155273
979 37.4048805236816
980 33.9819488525391
981 37.5121612548828
982 35.3009643554688
983 34.2192878723145
984 35.5852203369141
985 37.7766914367676
986 37.2781600952148
987 35.3549613952637
988 37.5589637756348
989 37.3421669006348
990 37.0572395324707
991 38.3720512390137
992 39.4323501586914
993 40.7641830444336
994 35.8396453857422
995 36.7042961120605
996 38.0077934265137
997 37.1091194152832
998 37.7199211120605
999 38.8399124145508
1000 37.5911598205566
1001 38.3803443908691
1002 36.4644813537598
1003 41.1801643371582
1004 35.413444519043
1005 38.7321548461914
1006 37.13818359375
1007 40.7165336608887
1008 38.9642028808594
1009 39.1296997070312
1010 34.8128128051758
1011 35.8800468444824
1012 37.1616363525391
1013 35.689567565918
1014 38.2342872619629
1015 39.7453727722168
1016 36.4656181335449
1017 38.328987121582
1018 36.0680274963379
1019 37.4969329833984
1020 36.4703788757324
1021 38.9225769042969
1022 39.4760513305664
1023 40.3640899658203
1024 36.8111839294434
1025 39.0527496337891
1026 38.8846397399902
1027 36.7589378356934
1028 37.9586334228516
1029 38.9346351623535
1030 40.1432838439941
1031 36.3675956726074
1032 38.2126655578613
1033 39.5390548706055
1034 38.5068016052246
1035 37.3881340026855
1036 37.4725608825684
1037 36.5619621276855
1038 38.4003829956055
1039 42.8190727233887
1040 41.6307945251465
1041 41.4926109313965
1042 36.3490867614746
1043 40.8899307250977
1044 39.258716583252
1045 37.6720085144043
1046 40.2733039855957
1047 37.9208641052246
1048 39.7261962890625
1049 36.6074180603027
1050 42.1501083374023
1051 36.7340469360352
1052 41.0270347595215
1053 41.5570487976074
1054 37.4144515991211
1055 39.9908866882324
1056 37.7828369140625
1057 40.1550903320312
1058 39.0185356140137
1059 37.2219619750977
1060 40.1829948425293
1061 39.7546730041504
1062 41.5247535705566
1063 44.4105644226074
1064 39.8631553649902
1065 37.0561141967773
1066 41.0713310241699
1067 38.7601203918457
1068 37.5781326293945
1069 37.9267044067383
1070 39.1636657714844
1071 41.8225326538086
1072 38.4428062438965
1073 40.4527626037598
1074 39.9045677185059
1075 38.896614074707
1076 38.9661331176758
1077 36.5581169128418
1078 43.4524154663086
1079 41.2385864257812
1080 38.9074020385742
1081 39.0435409545898
1082 37.8739166259766
1083 42.2648277282715
1084 39.6843032836914
1085 41.3992652893066
1086 41.6290969848633
1087 40.3766746520996
1088 40.138614654541
1089 38.775634765625
1090 39.9662322998047
1091 41.6388320922852
1092 41.3110427856445
1093 39.4061050415039
1094 38.2038497924805
1095 42.2120742797852
1096 41.2258682250977
1097 38.2780990600586
1098 40.8051605224609
1099 41.3942947387695
1100 37.7480392456055
1101 35.3865013122559
1102 39.9687118530273
1103 39.2653732299805
1104 37.2221908569336
1105 37.9691696166992
1106 40.2410316467285
1107 37.4322624206543
1108 39.5092697143555
1109 38.5694236755371
1110 40.9682807922363
1111 39.7959403991699
1112 37.837963104248
1113 40.6625137329102
1114 37.9657020568848
1115 38.3661804199219
1116 38.6853141784668
1117 40.2112045288086
1118 36.3610496520996
1119 41.5783157348633
1120 39.473747253418
1121 41.9991340637207
1122 41.4456825256348
1123 38.8054122924805
1124 38.8207740783691
1125 41.742488861084
1126 40.7145500183105
1127 41.8547859191895
1128 40.4927291870117
1129 40.1263999938965
1130 41.1132011413574
1131 42.2518463134766
1132 39.079273223877
1133 40.4736976623535
1134 41.8546829223633
1135 41.3753662109375
1136 42.7229042053223
1137 41.9740409851074
1138 40.339485168457
1139 40.2067184448242
1140 40.359058380127
1141 40.6993637084961
1142 41.169849395752
1143 41.7423629760742
1144 38.8399505615234
1145 44.178524017334
1146 47.0826835632324
1147 41.3738021850586
1148 40.3635749816895
1149 42.1467018127441
1150 41.9366798400879
1151 37.6402320861816
1152 41.1951103210449
1153 41.4317512512207
1154 41.0965118408203
1155 39.8999710083008
1156 40.3790702819824
1157 43.8965263366699
1158 41.4859809875488
1159 42.0942535400391
1160 41.8143730163574
1161 41.5249061584473
1162 42.42822265625
1163 42.5001029968262
1164 46.0572547912598
1165 40.6779518127441
1166 40.6986885070801
1167 41.8215866088867
1168 40.006778717041
1169 41.3807792663574
1170 41.7365951538086
1171 39.8095169067383
1172 43.4867362976074
1173 44.4969024658203
1174 40.8234481811523
1175 42.3901901245117
1176 39.7375068664551
1177 40.0831336975098
1178 40.2606735229492
1179 43.1768264770508
1180 39.9014091491699
1181 41.7988662719727
1182 43.5179977416992
1183 40.7397117614746
1184 43.0570449829102
1185 45.6139297485352
1186 40.7332077026367
1187 39.7787475585938
1188 38.4310188293457
1189 42.5342712402344
1190 42.13671875
1191 41.0593452453613
1192 43.2110061645508
1193 40.9894065856934
1194 43.2808837890625
1195 41.237922668457
1196 44.2361030578613
1197 42.1127433776855
1198 42.2643508911133
1199 39.5392990112305
1200 42.4514389038086
1201 39.9579391479492
1202 41.2286796569824
1203 41.5693550109863
1204 39.1676483154297
1205 41.3067321777344
1206 41.6885032653809
1207 40.4150009155273
1208 42.666088104248
1209 39.4885597229004
1210 45.160774230957
1211 40.8058204650879
1212 44.7323379516602
1213 46.8763313293457
1214 41.7127532958984
1215 42.100715637207
1216 45.0981788635254
1217 46.292652130127
1218 42.3024978637695
1219 41.5562973022461
1220 42.571590423584
1221 40.8677787780762
1222 44.5267143249512
1223 41.7587738037109
1224 38.627758026123
1225 43.318115234375
1226 43.1624794006348
1227 44.4392280578613
1228 43.7482757568359
1229 41.078254699707
1230 46.1798820495605
1231 42.3507423400879
1232 43.0200347900391
1233 42.2099609375
1234 43.2571640014648
1235 40.2329139709473
1236 41.0484275817871
1237 41.1544342041016
1238 42.2756156921387
1239 41.9936256408691
1240 42.297721862793
1241 42.9398460388184
1242 41.5060844421387
1243 42.4252319335938
1244 45.5151863098145
1245 42.2446632385254
1246 38.7170028686523
1247 44.619743347168
1248 42.4917678833008
1249 40.886589050293
1250 41.9967727661133
1251 42.7155494689941
1252 43.1654586791992
1253 43.0351829528809
1254 45.7900466918945
1255 42.5011596679688
1256 43.6278686523438
1257 47.0246734619141
1258 41.1406517028809
1259 41.2663116455078
1260 40.9339866638184
1261 42.1767120361328
1262 42.820915222168
1263 43.3796806335449
1264 43.3933334350586
1265 42.3793830871582
1266 45.9733390808105
1267 43.7820320129395
1268 43.3785133361816
1269 44.4777565002441
1270 44.6548042297363
1271 46.1247749328613
1272 43.6977424621582
1273 44.5565757751465
1274 45.9577178955078
1275 43.6255950927734
1276 43.0731048583984
1277 43.6020240783691
1278 43.3891754150391
1279 41.8573379516602
1280 40.9726295471191
1281 42.2143745422363
1282 47.6093597412109
1283 40.2099533081055
1284 43.0737571716309
1285 43.4721488952637
1286 46.049201965332
1287 42.5601654052734
1288 43.6141242980957
1289 47.5432205200195
1290 43.4065132141113
1291 46.7524452209473
1292 50.4966506958008
1293 46.0980110168457
1294 45.850887298584
1295 46.0118446350098
1296 46.8936614990234
1297 41.6630592346191
1298 44.7020835876465
1299 42.5830497741699
1300 41.244441986084
1301 41.438533782959
1302 46.1175193786621
1303 49.4235687255859
1304 43.7510528564453
1305 47.345043182373
1306 44.0078964233398
1307 42.7898979187012
1308 47.4495658874512
1309 43.7920074462891
1310 42.8130569458008
1311 47.506420135498
1312 43.8619537353516
1313 42.6977729797363
1314 47.0230979919434
1315 46.979175567627
1316 44.927360534668
1317 48.5843734741211
1318 45.5259170532227
1319 45.3754730224609
1320 41.5970077514648
1321 46.4920349121094
1322 41.1822509765625
1323 45.9952774047852
1324 47.4559707641602
1325 43.8336944580078
1326 45.0066452026367
1327 42.9384841918945
1328 44.9580612182617
1329 45.819149017334
1330 47.1984748840332
1331 43.048641204834
1332 46.57275390625
1333 48.8031539916992
1334 51.7129325866699
1335 47.2807960510254
1336 48.2049942016602
1337 46.8249397277832
1338 45.3039474487305
1339 44.1733741760254
1340 47.5708351135254
1341 44.8586311340332
1342 46.1645774841309
1343 49.0464477539062
1344 42.9931030273438
1345 43.6530647277832
1346 44.6808776855469
1347 46.256031036377
1348 45.3748626708984
1349 46.3928833007812
1350 47.6454658508301
1351 49.3006286621094
1352 47.7204971313477
1353 45.2755661010742
1354 42.5583114624023
1355 47.2635192871094
1356 45.1718482971191
1357 52.1560745239258
1358 49.6071128845215
1359 45.4492034912109
1360 48.8741836547852
1361 41.2665901184082
1362 52.0550079345703
1363 47.8090400695801
1364 45.5092620849609
1365 45.0273704528809
1366 49.0044898986816
1367 48.5491790771484
1368 49.0278701782227
1369 45.9656791687012
1370 43.8981132507324
1371 43.7360725402832
1372 50.4645462036133
1373 46.1328506469727
1374 49.0581855773926
1375 46.3961372375488
1376 48.9981498718262
1377 44.142147064209
1378 45.2920837402344
1379 48.6856422424316
1380 49.8710479736328
1381 45.4296531677246
1382 50.2194709777832
1383 48.5639686584473
1384 44.933406829834
1385 47.5023422241211
1386 48.3943634033203
1387 47.0336761474609
1388 45.8676452636719
1389 44.0610733032227
1390 48.2794342041016
1391 47.8304672241211
1392 49.9148902893066
1393 48.6518592834473
1394 46.6740646362305
1395 45.9816207885742
1396 46.5849151611328
1397 48.2259407043457
1398 44.4518737792969
1399 45.8716087341309
1400 45.7441558837891
1401 51.4969520568848
1402 44.9890937805176
1403 44.1656723022461
1404 49.708324432373
1405 47.9001502990723
1406 43.7793884277344
1407 50.9427871704102
1408 47.5477676391602
1409 49.1325416564941
1410 47.967212677002
1411 49.1324806213379
1412 39.9617767333984
1413 45.4218482971191
1414 48.902717590332
1415 46.3671875
1416 44.3621368408203
1417 45.5723152160645
1418 44.6535339355469
1419 45.476863861084
1420 44.0896148681641
1421 49.5940818786621
1422 48.3823165893555
1423 45.3278961181641
1424 46.8020439147949
1425 43.4889068603516
1426 50.9512825012207
1427 50.0014724731445
1428 45.6421775817871
1429 43.6670875549316
1430 48.372688293457
1431 44.3734169006348
1432 46.3542823791504
1433 49.2941017150879
1434 46.0271530151367
1435 51.6328468322754
1436 48.1952819824219
1437 46.3875427246094
1438 49.9776153564453
1439 47.0912628173828
1440 52.2981414794922
1441 47.1691703796387
1442 46.2760734558105
1443 49.6878890991211
1444 50.0989837646484
1445 50.2298240661621
1446 47.2365875244141
1447 48.7069282531738
1448 49.900447845459
1449 52.7837181091309
1450 49.453010559082
1451 51.3941040039062
1452 49.2276306152344
1453 46.6863861083984
1454 51.7035102844238
1455 47.9614486694336
1456 51.7214393615723
1457 47.7458000183105
1458 49.9011840820312
1459 46.0650520324707
1460 47.6253242492676
1461 52.5988693237305
1462 45.587085723877
1463 45.630687713623
1464 46.7142028808594
1465 52.9188842773438
1466 47.5202026367188
1467 52.7134017944336
1468 46.5731391906738
1469 51.0138664245605
1470 50.9151496887207
1471 49.268138885498
1472 51.5839080810547
1473 47.7711715698242
1474 51.896110534668
1475 53.6243934631348
1476 50.3911933898926
1477 50.3396492004395
1478 47.5941925048828
1479 47.4007225036621
1480 54.1590309143066
1481 49.3793869018555
1482 45.3101196289062
1483 50.6682395935059
1484 47.7386703491211
1485 50.0994682312012
1486 49.4098472595215
1487 46.1620559692383
1488 49.4736557006836
1489 49.5890502929688
1490 51.2303199768066
1491 52.1908378601074
1492 50.2486381530762
1493 46.5499458312988
1494 49.8152198791504
1495 48.8173294067383
1496 48.5029296875
1497 51.9442329406738
1498 53.707836151123
1499 48.4819717407227
1500 52.9798965454102
1501 50.8498954772949
1502 50.8195152282715
1503 42.856616973877
1504 53.2506790161133
1505 48.6154098510742
1506 51.0348701477051
1507 48.7155647277832
1508 54.1567230224609
1509 52.5522308349609
1510 45.5943603515625
1511 51.0412940979004
1512 47.9819412231445
1513 51.0044631958008
1514 53.5936965942383
1515 51.9844551086426
1516 51.8824195861816
1517 53.6778411865234
1518 52.2107963562012
1519 47.833309173584
1520 53.034309387207
1521 54.1277122497559
1522 54.2860717773438
1523 53.3634452819824
1524 54.6924171447754
1525 50.4566802978516
1526 48.1243553161621
1527 52.3295478820801
1528 54.2135772705078
1529 53.8638648986816
1530 54.6306343078613
1531 50.7553024291992
1532 49.6114692687988
1533 49.8046607971191
1534 48.5538597106934
1535 51.6576271057129
1536 48.10595703125
1537 55.1634216308594
1538 53.2843589782715
1539 49.9138565063477
1540 56.183708190918
1541 48.4296073913574
1542 50.981086730957
1543 54.7065277099609
1544 50.1289749145508
1545 48.5406723022461
1546 49.6902122497559
1547 50.8050346374512
1548 48.5150375366211
1549 48.7532119750977
1550 53.3904037475586
1551 50.4084167480469
1552 52.1953468322754
1553 48.3819618225098
1554 52.5318870544434
1555 52.9280738830566
1556 50.7448616027832
1557 52.1239776611328
1558 53.876594543457
1559 52.722225189209
1560 50.4264106750488
1561 52.9918632507324
1562 46.8041648864746
1563 49.7224502563477
1564 56.0618782043457
1565 46.967170715332
1566 51.3376350402832
1567 46.335075378418
1568 47.3456687927246
1569 49.5220260620117
1570 52.5392951965332
1571 50.2924995422363
1572 52.1207427978516
1573 54.8287506103516
1574 49.5282516479492
1575 52.4546852111816
1576 50.0229682922363
1577 50.8808403015137
1578 48.9606056213379
1579 52.3324851989746
1580 50.8901443481445
1581 51.3715896606445
1582 53.1193084716797
1583 50.0142364501953
1584 58.5901908874512
1585 51.6154670715332
1586 53.3407211303711
1587 50.1807441711426
1588 58.1335525512695
1589 54.997859954834
1590 53.9015274047852
1591 52.2650680541992
1592 48.282787322998
1593 53.1565818786621
1594 52.985969543457
1595 51.6988563537598
1596 49.416675567627
1597 53.3805160522461
1598 51.3814430236816
1599 53.9048042297363
1600 53.1334838867188
1601 49.9324836730957
1602 48.9211006164551
1603 52.7104568481445
1604 50.7922439575195
1605 54.9850273132324
1606 54.959041595459
1607 51.9116439819336
1608 54.2225341796875
1609 50.167594909668
1610 52.6648406982422
1611 49.6153106689453
1612 52.5767288208008
1613 55.3308982849121
1614 57.1184959411621
1615 53.3081283569336
1616 57.331428527832
1617 52.1859664916992
1618 50.3478584289551
1619 55.9379615783691
1620 55.8600044250488
1621 57.4209938049316
1622 55.1157112121582
1623 49.3493804931641
1624 49.0621757507324
1625 55.4345932006836
1626 56.4140815734863
1627 52.3914985656738
1628 54.0401306152344
1629 50.9628639221191
1630 50.1108779907227
1631 53.6894683837891
1632 50.6122970581055
1633 56.1157150268555
1634 50.1207542419434
1635 55.4207305908203
1636 55.4747695922852
1637 56.2544479370117
1638 57.2885208129883
1639 60.7801246643066
1640 54.3201217651367
1641 55.5859985351562
1642 54.5929336547852
1643 55.8732109069824
1644 50.5700378417969
1645 52.1554183959961
1646 60.2922019958496
1647 57.0958251953125
1648 56.330810546875
1649 55.2030448913574
1650 52.8495635986328
1651 56.5912437438965
1652 55.5227813720703
1653 51.781551361084
1654 55.5304107666016
1655 53.1005592346191
1656 60.007942199707
1657 51.625862121582
1658 54.5519561767578
1659 58.4860420227051
1660 51.8406524658203
1661 55.4012641906738
1662 53.1777496337891
1663 52.669189453125
1664 55.3052177429199
1665 53.6390953063965
1666 52.605094909668
1667 50.4818382263184
1668 58.7218704223633
1669 55.6168479919434
1670 59.8624839782715
1671 50.1597366333008
1672 57.9812545776367
1673 56.5597267150879
1674 54.8317604064941
1675 54.225414276123
1676 46.2071418762207
1677 53.1209945678711
1678 54.905101776123
1679 54.413143157959
1680 51.0437278747559
1681 56.2097206115723
1682 56.3989524841309
1683 58.4735641479492
1684 54.536922454834
1685 54.1508865356445
1686 56.2830696105957
1687 57.6866149902344
1688 57.1675071716309
1689 54.3728485107422
1690 54.8414573669434
1691 52.7888221740723
1692 57.7818794250488
1693 53.6839866638184
1694 57.4224700927734
1695 53.4513320922852
1696 52.3721809387207
1697 53.9733009338379
1698 57.3244514465332
1699 54.4820594787598
1700 55.4314002990723
1701 53.5604515075684
1702 56.3172760009766
1703 58.61962890625
1704 51.8950881958008
1705 55.3856811523438
1706 55.1498413085938
1707 57.1034851074219
1708 59.8453407287598
1709 52.783088684082
1710 55.4604949951172
1711 56.5154914855957
1712 57.9199638366699
1713 56.7709846496582
1714 58.2814064025879
1715 60.0851058959961
1716 55.8585014343262
1717 52.6571922302246
1718 55.1480751037598
1719 55.0126419067383
1720 56.2360000610352
1721 54.4882621765137
1722 50.7133712768555
1723 56.6661224365234
1724 55.4848327636719
1725 60.0189247131348
1726 57.5900535583496
1727 54.8195343017578
1728 58.9454765319824
1729 54.7808151245117
1730 57.7551155090332
1731 57.122184753418
1732 57.3876342773438
1733 52.4711647033691
1734 54.8036689758301
1735 55.6159133911133
1736 54.8657455444336
1737 56.9625587463379
1738 61.3265609741211
1739 52.8302612304688
1740 56.8663024902344
1741 60.590877532959
1742 58.1154632568359
1743 62.867244720459
1744 56.6321563720703
1745 54.7659645080566
1746 53.9287300109863
1747 61.2515106201172
1748 55.5569534301758
1749 61.4161949157715
1750 60.3297729492188
1751 56.4319763183594
1752 55.1963081359863
1753 57.7685012817383
1754 56.416072845459
1755 58.185676574707
1756 61.3474044799805
1757 56.5800819396973
1758 55.9428634643555
1759 59.5812797546387
1760 52.4277572631836
1761 56.9420318603516
1762 58.3422660827637
1763 52.3365669250488
1764 56.1425361633301
1765 57.8935737609863
1766 53.1468925476074
1767 50.658317565918
1768 55.2574806213379
1769 60.1831283569336
1770 59.7347259521484
1771 59.2933540344238
1772 58.0271530151367
1773 58.7097053527832
1774 58.3791732788086
1775 54.9454956054688
1776 57.0036506652832
1777 60.9827575683594
1778 62.3309135437012
1779 59.1829376220703
1780 56.9118843078613
1781 60.6582794189453
1782 60.9590911865234
1783 61.2675514221191
1784 56.5711402893066
1785 58.2846031188965
1786 59.4700508117676
1787 55.9719123840332
1788 55.8402481079102
1789 55.7107391357422
1790 62.5786552429199
1791 52.8453559875488
1792 56.9288063049316
1793 59.9395141601562
1794 58.0785675048828
1795 61.2418479919434
1796 63.2894515991211
1797 56.2508773803711
1798 54.6598930358887
1799 58.7508201599121
1800 58.6390647888184
1801 55.7180099487305
1802 60.2813186645508
1803 56.9055938720703
1804 59.3574676513672
1805 57.5126991271973
1806 61.0781669616699
1807 63.2533416748047
1808 58.3320350646973
1809 57.6830902099609
1810 60.3528175354004
1811 54.3857269287109
1812 56.3628883361816
1813 55.3093109130859
1814 58.4213752746582
1815 60.1569938659668
1816 56.9404830932617
1817 57.8840065002441
1818 58.1044731140137
1819 58.7557220458984
1820 61.1531562805176
1821 53.2467803955078
1822 55.8691329956055
1823 58.1082344055176
1824 61.365535736084
1825 56.5072364807129
1826 53.3020248413086
1827 56.8163032531738
1828 54.1157417297363
1829 58.0952339172363
1830 57.2274703979492
1831 59.0211601257324
1832 53.1425361633301
1833 56.4224052429199
1834 57.1326217651367
1835 56.1251106262207
1836 59.4274597167969
1837 56.59814453125
1838 59.133113861084
1839 57.5165367126465
1840 54.3081245422363
1841 58.2973823547363
1842 57.8671417236328
1843 59.8178825378418
1844 55.4017181396484
1845 61.3866844177246
1846 56.6566619873047
1847 53.5994415283203
1848 60.7398262023926
1849 58.002067565918
1850 59.6961212158203
1851 58.8917045593262
1852 57.392635345459
1853 59.5655975341797
1854 57.5193939208984
1855 62.5208053588867
1856 57.3877716064453
1857 57.6542663574219
1858 63.2230644226074
1859 60.9565315246582
1860 56.3008041381836
1861 56.6674537658691
1862 55.2820053100586
1863 61.7626533508301
1864 55.0982360839844
1865 62.9181327819824
1866 63.2882957458496
1867 57.8887405395508
1868 60.9582557678223
1869 62.6417274475098
1870 60.1501007080078
1871 60.6738204956055
1872 61.1517601013184
1873 63.4649887084961
1874 62.2005805969238
1875 60.9779815673828
1876 61.3570938110352
1877 56.9431381225586
1878 57.6159820556641
1879 57.5755615234375
1880 55.2301254272461
1881 61.4574317932129
1882 56.7423324584961
1883 55.962532043457
1884 58.7279815673828
1885 59.0519371032715
1886 63.9778213500977
1887 59.9064750671387
1888 56.7504272460938
1889 62.6520156860352
1890 59.8738822937012
1891 62.5288505554199
1892 63.427001953125
1893 60.2632217407227
1894 58.1292724609375
1895 57.082275390625
1896 60.244743347168
1897 64.3681335449219
1898 60.1586570739746
1899 61.6881790161133
1900 58.2313842773438
1901 61.2807006835938
1902 58.2624702453613
1903 61.1197624206543
1904 59.0518379211426
1905 58.8552055358887
1906 52.2194213867188
1907 57.7101974487305
1908 59.9316291809082
1909 62.8279724121094
1910 64.639518737793
1911 62.6413803100586
1912 61.5370445251465
1913 59.1692085266113
1914 61.3575286865234
1915 59.9362525939941
1916 58.6642189025879
1917 60.643871307373
1918 61.8253211975098
1919 56.9768600463867
1920 59.6024932861328
1921 57.6646728515625
1922 62.5833282470703
1923 59.434684753418
1924 58.7362442016602
1925 56.4609069824219
1926 59.7024841308594
1927 62.3381690979004
1928 58.941478729248
1929 60.4677276611328
1930 63.1980895996094
1931 63.7486038208008
1932 59.5744819641113
1933 60.6907348632812
1934 62.613353729248
1935 60.0176162719727
1936 60.8820304870605
1937 62.9905471801758
1938 62.1354026794434
1939 58.6031608581543
1940 61.3632545471191
1941 58.7447052001953
1942 59.7083320617676
1943 62.3698616027832
1944 62.674674987793
1945 60.0817070007324
1946 59.8423538208008
1947 57.049861907959
1948 59.9129028320312
1949 59.781795501709
1950 60.8929672241211
1951 64.7103576660156
1952 60.6089973449707
1953 59.766170501709
1954 62.7318153381348
1955 57.6854705810547
1956 57.0917282104492
1957 60.4116668701172
1958 63.3564338684082
1959 61.3460388183594
1960 63.9693946838379
1961 61.0123863220215
1962 59.9784851074219
1963 58.1797332763672
1964 58.1714210510254
1965 60.1311073303223
1966 61.9730949401855
1967 61.8185691833496
1968 60.2351684570312
1969 54.765697479248
1970 66.3331832885742
1971 64.9551162719727
1972 62.4669609069824
1973 62.6098861694336
1974 60.8402137756348
1975 63.4683723449707
1976 62.0532569885254
1977 60.9277725219727
1978 62.5462760925293
1979 61.0622291564941
1980 62.704906463623
1981 61.8415985107422
1982 64.9325485229492
1983 62.8765106201172
1984 59.095573425293
1985 61.7776947021484
1986 59.1866264343262
1987 62.6204872131348
1988 57.1099548339844
1989 50.3088111877441
1990 64.0771789550781
1991 51.4137992858887
1992 57.7154922485352
1993 60.9517478942871
1994 61.2111473083496
1995 52.5079574584961
1996 61.5695495605469
1997 58.2243347167969
1998 60.9606475830078
1999 60.0780067443848
