1 1.29086923599243
2 1.63420844078064
3 2.0264630317688
4 1.80322515964508
5 2.30266857147217
6 1.34113788604736
7 1.71623134613037
8 1.6500631570816
9 1.73102819919586
10 1.63161885738373
11 1.63976216316223
12 1.69664037227631
13 1.7648983001709
14 1.49014127254486
15 1.51021158695221
16 1.67817306518555
17 1.58017802238464
18 1.49688637256622
19 1.43433368206024
20 1.46383309364319
21 1.28269326686859
22 1.45849061012268
23 1.17462110519409
24 1.42087519168854
25 1.51378691196442
26 1.15089237689972
27 1.14710319042206
28 1.08028697967529
29 1.15425097942352
30 1.19655632972717
31 1.20232307910919
32 1.09619879722595
33 1.07951354980469
34 1.14716517925262
35 1.03594827651978
36 1.03179121017456
37 0.962281823158264
38 0.968767583370209
39 1.01817333698273
40 0.836548924446106
41 0.95500248670578
42 0.865974724292755
43 0.949425995349884
44 0.830218970775604
45 0.871306657791138
46 0.790924608707428
47 0.70507150888443
48 0.770473659038544
49 0.708632409572601
50 0.747271776199341
51 0.690978527069092
52 0.649613976478577
53 0.644775211811066
54 0.676195919513702
55 0.653085112571716
56 0.581523299217224
57 0.615163028240204
58 0.555590927600861
59 0.573964834213257
60 0.549976527690887
61 0.527118265628815
62 0.515555322170258
63 0.516237139701843
64 0.522538006305695
65 0.552852094173431
66 0.500622749328613
67 0.554307222366333
68 0.533856987953186
69 0.48069104552269
70 0.517675638198853
71 0.481190383434296
72 0.483641415834427
73 0.473373502492905
74 0.489992052316666
75 0.464748203754425
76 0.465483397245407
77 0.477539092302322
78 0.462346792221069
79 0.457537084817886
80 0.471863836050034
81 0.455199420452118
82 0.476251423358917
83 0.454280972480774
84 0.467710047960281
85 0.459169805049896
86 0.412995755672455
87 0.448812156915665
88 0.427271693944931
89 0.408418953418732
90 0.375860810279846
91 0.381473451852798
92 0.400498420000076
93 0.384089827537537
94 0.360567569732666
95 0.367995977401733
96 0.359030365943909
97 0.384307503700256
98 0.346942633390427
99 0.34384623169899
100 0.310165554285049
101 0.289726555347443
102 0.314544588327408
103 0.270245730876923
104 0.305114209651947
105 0.279048532247543
106 0.260773926973343
107 0.265811949968338
108 0.255452245473862
109 0.227853909134865
110 0.252400398254395
111 0.222233310341835
112 0.225529566407204
113 0.239539682865143
114 0.221768289804459
115 0.24198342859745
116 0.219534322619438
117 0.228649914264679
118 0.207345575094223
119 0.207944646477699
120 0.215035647153854
121 0.204249143600464
122 0.213928461074829
123 0.202460765838623
124 0.207584276795387
125 0.225379675626755
126 0.219375237822533
127 0.211276441812515
128 0.197970882058144
129 0.208693981170654
130 0.202965930104256
131 0.200159683823586
132 0.221797972917557
133 0.21865251660347
134 0.223833560943604
135 0.210561037063599
136 0.217872440814972
137 0.207220748066902
138 0.206315711140633
139 0.231848984956741
140 0.233233571052551
141 0.222606837749481
142 0.22479259967804
143 0.221458226442337
144 0.238164737820625
145 0.233856067061424
146 0.226027220487595
147 0.226463928818703
148 0.220807522535324
149 0.219584390521049
150 0.223754152655602
151 0.206498563289642
152 0.22084453701973
153 0.244155645370483
154 0.221495971083641
155 0.230659797787666
156 0.214361071586609
157 0.199879989027977
158 0.203527793288231
159 0.200602203607559
160 0.233545288443565
161 0.225883737206459
162 0.216658368706703
163 0.201024189591408
164 0.201297134160995
165 0.192449867725372
166 0.22277820110321
167 0.211133241653442
168 0.207865804433823
169 0.226040348410606
170 0.207302585244179
171 0.196627259254456
172 0.217249855399132
173 0.212402150034904
174 0.208210647106171
175 0.204900622367859
176 0.224810019135475
177 0.203456118702888
178 0.215561240911484
179 0.220446869730949
180 0.21665620803833
181 0.200249016284943
182 0.206289932131767
183 0.197857543826103
184 0.207282215356827
185 0.181809410452843
186 0.185241848230362
187 0.199456974864006
188 0.201451703906059
189 0.20309878885746
190 0.212639689445496
191 0.201720833778381
192 0.180138751864433
193 0.171789512038231
194 0.20341731607914
195 0.212542876601219
196 0.196367815136909
197 0.198590606451035
198 0.199031949043274
199 0.173349931836128
200 0.203313022851944
201 0.186866238713264
202 0.181601539254189
203 0.202281415462494
204 0.185181081295013
205 0.190894320607185
206 0.183633133769035
207 0.178680226206779
208 0.203638017177582
209 0.198449850082397
210 0.199389472603798
211 0.210679799318314
212 0.196685090661049
213 0.186661913990974
214 0.183751985430717
215 0.199833631515503
216 0.203239947557449
217 0.210985317826271
218 0.175880968570709
219 0.197206020355225
220 0.20918408036232
221 0.192871987819672
222 0.187820017337799
223 0.199762463569641
224 0.188939198851585
225 0.178982809185982
226 0.173624455928802
227 0.198897019028664
228 0.175418213009834
229 0.183265894651413
230 0.188367739319801
231 0.186643093824387
232 0.182301163673401
233 0.206473827362061
234 0.183090433478355
235 0.173059180378914
236 0.167116433382034
237 0.196059465408325
238 0.197752192616463
239 0.172085851430893
240 0.176746815443039
241 0.176027104258537
242 0.178529009222984
243 0.193873345851898
244 0.201983645558357
245 0.198421746492386
246 0.176698967814445
247 0.178927466273308
248 0.175089299678802
249 0.179514065384865
250 0.197067111730576
251 0.174950927495956
252 0.199034601449966
253 0.187052458524704
254 0.16616789996624
255 0.168251752853394
256 0.183695614337921
257 0.182558730244637
258 0.165989771485329
259 0.18627093732357
260 0.182140648365021
261 0.152948722243309
262 0.174791246652603
263 0.168270215392113
264 0.160112515091896
265 0.160101920366287
266 0.185985833406448
267 0.188015967607498
268 0.168805107474327
269 0.176960036158562
270 0.186305344104767
271 0.167851433157921
272 0.173540771007538
273 0.172547057271004
274 0.16683891415596
275 0.172893583774567
276 0.189918205142021
277 0.149918958544731
278 0.174296021461487
279 0.167734384536743
280 0.186318695545197
281 0.173656329512596
282 0.171246230602264
283 0.180261299014091
284 0.148422628641129
285 0.173079147934914
286 0.159639418125153
287 0.154491066932678
288 0.168938353657722
289 0.178439036011696
290 0.149924278259277
291 0.156844019889832
292 0.158095300197601
293 0.173994496464729
294 0.15851117670536
295 0.182552993297577
296 0.152739733457565
297 0.182325705885887
298 0.143539801239967
299 0.16952146589756
300 0.168049588799477
301 0.191442668437958
302 0.170377731323242
303 0.164525046944618
304 0.16239957511425
305 0.150942459702492
306 0.158933952450752
307 0.160839930176735
308 0.161808669567108
309 0.150036677718163
310 0.156288787722588
311 0.150351509451866
312 0.166688308119774
313 0.141255527734756
314 0.173584654927254
315 0.168518140912056
316 0.159533575177193
317 0.15213480591774
318 0.153834655880928
319 0.14035028219223
320 0.144815281033516
321 0.169674500823021
322 0.129422128200531
323 0.166437223553658
324 0.149835646152496
325 0.147819057106972
326 0.14513935148716
327 0.128187298774719
328 0.166523218154907
329 0.135184615850449
330 0.140443190932274
331 0.140644729137421
332 0.166339263319969
333 0.136497959494591
334 0.151589572429657
335 0.193486094474792
336 0.154790192842484
337 0.145473778247833
338 0.146124720573425
339 0.149196892976761
340 0.134906008839607
341 0.152025178074837
342 0.152038648724556
343 0.146051004528999
344 0.157891646027565
345 0.142225041985512
346 0.142226606607437
347 0.144054666161537
348 0.158819645643234
349 0.176897048950195
350 0.157483100891113
351 0.137944102287292
352 0.152751535177231
353 0.148992016911507
354 0.146933421492577
355 0.148589760065079
356 0.151544183492661
357 0.113042749464512
358 0.142893135547638
359 0.153364330530167
360 0.150771915912628
361 0.13872492313385
362 0.129270419478416
363 0.156919434666634
364 0.147720754146576
365 0.136222541332245
366 0.152282685041428
367 0.141116723418236
368 0.154932156205177
369 0.145309463143349
370 0.15353462100029
371 0.143152594566345
372 0.147116556763649
373 0.147314146161079
374 0.171127080917358
375 0.154902890324593
376 0.140974953770638
377 0.151173368096352
378 0.151900485157967
379 0.134830117225647
380 0.136373400688171
381 0.146424025297165
382 0.1557307690382
383 0.14515945315361
384 0.180066704750061
385 0.161883309483528
386 0.145355343818665
387 0.143060252070427
388 0.132215842604637
389 0.146072283387184
390 0.159121736884117
391 0.143899142742157
392 0.129592254757881
393 0.140722826123238
394 0.132842019200325
395 0.148327261209488
396 0.149726286530495
397 0.138467580080032
398 0.135895505547523
399 0.12290732562542
400 0.151987656950951
401 0.152031227946281
402 0.135266900062561
403 0.146890580654144
404 0.139775529503822
405 0.138236805796623
406 0.137664809823036
407 0.132591277360916
408 0.150220036506653
409 0.136158645153046
410 0.138403907418251
411 0.149582982063293
412 0.158655747771263
413 0.140578269958496
414 0.162319764494896
415 0.131536990404129
416 0.1243060156703
417 0.162295281887054
418 0.139780104160309
419 0.155491232872009
420 0.165420070290565
421 0.153463393449783
422 0.154642328619957
423 0.14801412820816
424 0.1175152733922
425 0.128723680973053
426 0.121204264461994
427 0.146510928869247
428 0.137836188077927
429 0.12200540304184
430 0.139427468180656
431 0.155793115496635
432 0.146355584263802
433 0.132404118776321
434 0.147129818797112
435 0.13434799015522
436 0.132496640086174
437 0.133184745907784
438 0.132335871458054
439 0.142790868878365
440 0.154672026634216
441 0.142312571406364
442 0.159844040870667
443 0.148072049021721
444 0.137721583247185
445 0.165806964039803
446 0.142125636339188
447 0.136344373226166
448 0.165966048836708
449 0.182416811585426
450 0.144738748669624
451 0.161883324384689
452 0.144465550780296
453 0.141489252448082
454 0.147266089916229
455 0.177421256899834
456 0.155961513519287
457 0.144438028335571
458 0.154052466154099
459 0.173193588852882
460 0.139410451054573
461 0.155774787068367
462 0.137282133102417
463 0.145524248480797
464 0.147096991539001
465 0.140436708927155
466 0.14875166118145
467 0.137852147221565
468 0.137943685054779
469 0.140525609254837
470 0.131046116352081
471 0.151308536529541
472 0.183070942759514
473 0.143286362290382
474 0.150327309966087
475 0.149875521659851
476 0.144952729344368
477 0.139393985271454
478 0.166316956281662
479 0.130291566252708
480 0.132460936903954
481 0.136988326907158
482 0.133040457963943
483 0.152887538075447
484 0.123066000640392
485 0.144209772348404
486 0.119218945503235
487 0.148403808474541
488 0.134247705340385
489 0.130495503544807
490 0.136518731713295
491 0.134504839777946
492 0.142087951302528
493 0.139777347445488
494 0.133171990513802
495 0.147132843732834
496 0.144239246845245
497 0.133050188422203
498 0.140711277723312
499 0.130444243550301
500 0.136995613574982
501 0.145533934235573
502 0.148126915097237
503 0.122413754463196
504 0.141268953680992
505 0.167635604739189
506 0.135052233934402
507 0.126365900039673
508 0.15840071439743
509 0.145849227905273
510 0.158139958977699
511 0.13464167714119
512 0.154268592596054
513 0.141507178544998
514 0.127332881093025
515 0.138200983405113
516 0.115282289683819
517 0.151097774505615
518 0.14674685895443
519 0.130389451980591
520 0.135134175419807
521 0.136380895972252
522 0.128274381160736
523 0.135438188910484
524 0.12739135324955
525 0.121863804757595
526 0.158469244837761
527 0.130474656820297
528 0.131359651684761
529 0.136373043060303
530 0.127899661660194
531 0.127590656280518
532 0.141111999750137
533 0.128186196088791
534 0.130931586027145
535 0.145613178610802
536 0.134668439626694
537 0.136042222380638
538 0.121153295040131
539 0.14787845313549
540 0.150963008403778
541 0.104970887303352
542 0.118849642574787
543 0.117777474224567
544 0.151931717991829
545 0.131231188774109
546 0.140174686908722
547 0.145909518003464
548 0.131500169634819
549 0.147235795855522
550 0.137551873922348
551 0.134199231863022
552 0.132965698838234
553 0.130164563655853
554 0.112326823174953
555 0.139315575361252
556 0.118187054991722
557 0.143721848726273
558 0.109218627214432
559 0.135185733437538
560 0.136240348219872
561 0.138015449047089
562 0.145159095525742
563 0.150269344449043
564 0.115450009703636
565 0.118551447987556
566 0.133507460355759
567 0.113184608519077
568 0.129506647586823
569 0.122074797749519
570 0.121012456715107
571 0.128635585308075
572 0.124755263328552
573 0.16589230298996
574 0.118106827139854
575 0.115135364234447
576 0.123210549354553
577 0.148632571101189
578 0.134564757347107
579 0.12479043006897
580 0.13058714568615
581 0.121235810220242
582 0.151445761322975
583 0.128183588385582
584 0.144321665167809
585 0.138814106583595
586 0.128254130482674
587 0.13865365087986
588 0.133114188909531
589 0.107450641691685
590 0.138049259781837
591 0.125857755541801
592 0.113535419106483
593 0.126925274729729
594 0.117943532764912
595 0.129145085811615
596 0.137308344244957
597 0.124015897512436
598 0.125503078103065
599 0.144287049770355
600 0.126167520880699
601 0.1286301612854
602 0.118773452937603
603 0.117825895547867
604 0.148923218250275
605 0.132860645651817
606 0.110133245587349
607 0.118917994201183
608 0.127815097570419
609 0.124912440776825
610 0.109122559428215
611 0.12530092895031
612 0.138571694493294
613 0.120234064757824
614 0.12467548251152
615 0.102341219782829
616 0.115480318665504
617 0.122653529047966
618 0.133934214711189
619 0.13536162674427
620 0.0941708162426949
621 0.120185181498528
622 0.126731425523758
623 0.0966080278158188
624 0.125604778528214
625 0.122771292924881
626 0.125393614172935
627 0.115879945456982
628 0.116149477660656
629 0.114755816757679
630 0.116984732449055
631 0.123559549450874
632 0.121850959956646
633 0.145837590098381
634 0.149286419153214
635 0.106274999678135
636 0.121833808720112
637 0.107569344341755
638 0.0965036749839783
639 0.122983902692795
640 0.107151545584202
641 0.118098348379135
642 0.110244676470757
643 0.11158699542284
644 0.101195126771927
645 0.120165854692459
646 0.11336387693882
647 0.103162512183189
648 0.10951429605484
649 0.117193125188351
650 0.120497837662697
651 0.12357222288847
652 0.131130963563919
653 0.117306053638458
654 0.0930344015359879
655 0.102626375854015
656 0.10745395720005
657 0.117015279829502
658 0.0951839461922646
659 0.0998067781329155
660 0.11380472779274
661 0.103322878479958
662 0.0962528511881828
663 0.114850282669067
664 0.110764443874359
665 0.122186429798603
666 0.119781650602818
667 0.113341525197029
668 0.110214732587337
669 0.120264038443565
670 0.11948224157095
671 0.140377476811409
672 0.119050741195679
673 0.100740566849709
674 0.10984692722559
675 0.104490488767624
676 0.116997621953487
677 0.108098335564137
678 0.126025602221489
679 0.113372802734375
680 0.106574006378651
681 0.120940551161766
682 0.122636467218399
683 0.114738084375858
684 0.137415811419487
685 0.112234473228455
686 0.121940791606903
687 0.117202751338482
688 0.103098720312119
689 0.0999554246664047
690 0.106165505945683
691 0.116840079426765
692 0.136717930436134
693 0.119958162307739
694 0.111777924001217
695 0.103940472006798
696 0.0924544334411621
697 0.130540892481804
698 0.118504464626312
699 0.103475607931614
700 0.102879129350185
701 0.110610522329807
702 0.120740033686161
703 0.111951090395451
704 0.109962537884712
705 0.0953464955091476
706 0.102717950940132
707 0.0907379761338234
708 0.0904493927955627
709 0.121439673006535
710 0.0965637266635895
711 0.0956268385052681
712 0.0973202213644981
713 0.107562132179737
714 0.109992533922195
715 0.0938174650073051
716 0.100974753499031
717 0.0993461906909943
718 0.123881854116917
719 0.0936450436711311
720 0.094157837331295
721 0.0884797051548958
722 0.0950490832328796
723 0.0940165519714355
724 0.109898023307323
725 0.121262073516846
726 0.115403898060322
727 0.118008360266685
728 0.0978934019804001
729 0.112370766699314
730 0.100507602095604
731 0.0959990546107292
732 0.0955140516161919
733 0.110179916024208
734 0.103080101311207
735 0.087910421192646
736 0.095376543700695
737 0.109174832701683
738 0.109557665884495
739 0.0940745025873184
740 0.0955291837453842
741 0.0989293307065964
742 0.0955961942672729
743 0.109291113913059
744 0.0969753637909889
745 0.0877581387758255
746 0.097330778837204
747 0.091657966375351
748 0.109614662826061
749 0.0991297960281372
750 0.102113239467144
751 0.0825964957475662
752 0.0832402408123016
753 0.0986958593130112
754 0.089545264840126
755 0.107437863945961
756 0.0941653549671173
757 0.0968658402562141
758 0.097363293170929
759 0.0919203162193298
760 0.0859861075878143
761 0.0928002521395683
762 0.10132209956646
763 0.11211147159338
764 0.0861277207732201
765 0.110432602465153
766 0.101937353610992
767 0.0936049818992615
768 0.0944432765245438
769 0.109767235815525
770 0.0914240032434464
771 0.0911736264824867
772 0.0902116745710373
773 0.0902421995997429
774 0.0963912010192871
775 0.0877619385719299
776 0.0746892839670181
777 0.104787454009056
778 0.0802060887217522
779 0.0776498839259148
780 0.0839473083615303
781 0.0839857906103134
782 0.0826149731874466
783 0.0762977078557014
784 0.105229303240776
785 0.0921376422047615
786 0.0861601978540421
787 0.08249531686306
788 0.097573883831501
789 0.0837466269731522
790 0.0933183059096336
791 0.0936446636915207
792 0.0932816416025162
793 0.0720540732145309
794 0.105141505599022
795 0.082789421081543
796 0.091256707906723
797 0.0999826937913895
798 0.0750895813107491
799 0.0961123779416084
800 0.0858640447258949
801 0.085365816950798
802 0.0783576443791389
803 0.0838799327611923
804 0.0719907656311989
805 0.0922050699591637
806 0.0865245759487152
807 0.0826174691319466
808 0.0762226656079292
809 0.0740775242447853
810 0.0839864239096642
811 0.0972983464598656
812 0.0749486535787582
813 0.0774581059813499
814 0.0765026435256004
815 0.0698898658156395
816 0.0723672062158585
817 0.077573798596859
818 0.0740555077791214
819 0.0813791304826736
820 0.0765324607491493
821 0.101316668093204
822 0.0910109058022499
823 0.0697472915053368
824 0.0887144953012466
825 0.0987743735313416
826 0.0777919664978981
827 0.0890454202890396
828 0.069638766348362
829 0.0861056819558144
830 0.065802276134491
831 0.0866390988230705
832 0.0718569308519363
833 0.0806155353784561
834 0.0717876926064491
835 0.0780699253082275
836 0.0723589360713959
837 0.075771227478981
838 0.0868145376443863
839 0.0882319062948227
840 0.0746305659413338
841 0.0845025703310966
842 0.0861042737960815
843 0.083587646484375
844 0.0819250717759132
845 0.0832164362072945
846 0.0754115208983421
847 0.0825242325663567
848 0.0711649879813194
849 0.0633807107806206
850 0.0848824232816696
851 0.0756022557616234
852 0.0706162080168724
853 0.070395439863205
854 0.0850188434123993
855 0.0703426972031593
856 0.0706472843885422
857 0.0716358348727226
858 0.0715642049908638
859 0.0705662742257118
860 0.0631377622485161
861 0.0645235106348991
862 0.0690243691205978
863 0.0901768282055855
864 0.0676426589488983
865 0.0708217546343803
866 0.0774394497275352
867 0.0664877742528915
868 0.0761946886777878
869 0.0607464164495468
870 0.0732002630829811
871 0.0833063572645187
872 0.0752828344702721
873 0.0763214379549026
874 0.090345174074173
875 0.0850779861211777
876 0.079460047185421
877 0.0699897482991219
878 0.05623434856534
879 0.0758921876549721
880 0.0644857138395309
881 0.0725653022527695
882 0.0766981467604637
883 0.0699337795376778
884 0.0700532793998718
885 0.0782668069005013
886 0.0764844492077827
887 0.0738429054617882
888 0.0771352425217628
889 0.0663753002882004
890 0.0708890408277512
891 0.0731470361351967
892 0.0725530534982681
893 0.0568055473268032
894 0.068372942507267
895 0.0722185596823692
896 0.0631430298089981
897 0.0629423856735229
898 0.0666223391890526
899 0.0626998692750931
900 0.074728287756443
901 0.0780887007713318
902 0.081347219645977
903 0.0739360451698303
904 0.0696098133921623
905 0.0706131607294083
906 0.080513708293438
907 0.0633965134620667
908 0.0707748159766197
909 0.0658160820603371
910 0.065379910171032
911 0.0633982792496681
912 0.0764850974082947
913 0.0595924817025661
914 0.0735243186354637
915 0.0792215839028358
916 0.0672853961586952
917 0.0639183968305588
918 0.0684903562068939
919 0.0645202472805977
920 0.0644551143050194
921 0.0633391290903091
922 0.0608526133000851
923 0.0788388550281525
924 0.0724729374051094
925 0.0773806199431419
926 0.0687211230397224
927 0.0772782936692238
928 0.0704243332147598
929 0.0588316395878792
930 0.0630254670977592
931 0.0679635480046272
932 0.0716038197278976
933 0.0665809735655785
934 0.06842240691185
935 0.0705545619130135
936 0.0771611854434013
937 0.0696362629532814
938 0.0653058439493179
939 0.0683056339621544
940 0.0583810210227966
941 0.0628384426236153
942 0.0741904377937317
943 0.0685791075229645
944 0.0673256888985634
945 0.0614396184682846
946 0.0656915605068207
947 0.0740894377231598
948 0.0646751001477242
949 0.0639754384756088
950 0.0576323159039021
951 0.0703518092632294
952 0.0647965595126152
953 0.0588526502251625
954 0.0507242754101753
955 0.0631353110074997
956 0.0566735118627548
957 0.0636495500802994
958 0.0672400519251823
959 0.0695299729704857
960 0.0585032403469086
961 0.0619768016040325
962 0.0638765692710876
963 0.0658309534192085
964 0.0648197904229164
965 0.0571241490542889
966 0.0566876716911793
967 0.053521241992712
968 0.0619040206074715
969 0.0686770379543304
970 0.0544171668589115
971 0.0711150914430618
972 0.0593071617186069
973 0.0640468671917915
974 0.0558333806693554
975 0.0615535490214825
976 0.0612037777900696
977 0.0690125450491905
978 0.060487162321806
979 0.0556186325848103
980 0.0688308402895927
981 0.0614579133689404
982 0.0608082786202431
983 0.0679566636681557
984 0.0685960948467255
985 0.0569185763597488
986 0.0647230893373489
987 0.0668607354164124
988 0.0648042261600494
989 0.0606398247182369
990 0.0614354237914085
991 0.0572234801948071
992 0.0637505427002907
993 0.0509944222867489
994 0.0575979426503181
995 0.0662659704685211
996 0.0560693480074406
997 0.0619246400892735
998 0.0521783083677292
999 0.0547387935221195
1000 0.058559138327837
1001 0.0533531419932842
1002 0.0597175322473049
1003 0.0576512031257153
1004 0.0641028061509132
1005 0.0623803474009037
1006 0.0619367212057114
1007 0.0562190003693104
1008 0.0621792413294315
1009 0.0599043928086758
1010 0.0576318502426147
1011 0.0730176419019699
1012 0.0591309182345867
1013 0.061442743986845
1014 0.0658619627356529
1015 0.0669853836297989
1016 0.0660377591848373
1017 0.0605025179684162
1018 0.0794961750507355
1019 0.067519024014473
1020 0.0561343654990196
1021 0.0649901926517487
1022 0.0537650547921658
1023 0.0582516081631184
1024 0.0654397755861282
1025 0.0510022230446339
1026 0.0620488189160824
1027 0.0623275935649872
1028 0.0632433742284775
1029 0.0567023307085037
1030 0.0499237328767776
1031 0.0551112331449986
1032 0.0668754503130913
1033 0.0649969428777695
1034 0.0585417449474335
1035 0.0473112091422081
1036 0.0617440082132816
1037 0.0615393780171871
1038 0.0530088432133198
1039 0.0539300814270973
1040 0.0609000511467457
1041 0.0565134100615978
1042 0.0595532730221748
1043 0.0527690164744854
1044 0.0529063008725643
1045 0.0536011047661304
1046 0.0530403070151806
1047 0.0554394163191319
1048 0.060840655118227
1049 0.0617875903844833
1050 0.0433975271880627
1051 0.0475815385580063
1052 0.0550812818109989
1053 0.0453428365290165
1054 0.0532891005277634
1055 0.0536703281104565
1056 0.0555071383714676
1057 0.0523393675684929
1058 0.0561156533658504
1059 0.0485722199082375
1060 0.0538167767226696
1061 0.0514155104756355
1062 0.0603935457766056
1063 0.0486493036150932
1064 0.0496656596660614
1065 0.0574737377464771
1066 0.0467022433876991
1067 0.0569229610264301
1068 0.0571749173104763
1069 0.0534445233643055
1070 0.0478175804018974
1071 0.0587150566279888
1072 0.050834883004427
1073 0.0517052337527275
1074 0.0535981617867947
1075 0.0546406544744968
1076 0.0561541803181171
1077 0.0581494644284248
1078 0.0446463227272034
1079 0.0527042970061302
1080 0.0494373925030231
1081 0.0692927986383438
1082 0.0545904450118542
1083 0.0511027611792088
1084 0.0598634332418442
1085 0.0651096925139427
1086 0.0546282082796097
1087 0.0499509237706661
1088 0.054831724613905
1089 0.056375227868557
1090 0.0524342469871044
1091 0.0524031259119511
1092 0.049006849527359
1093 0.0537978298962116
1094 0.0518930591642857
1095 0.0567533485591412
1096 0.0567142739892006
1097 0.0418498627841473
1098 0.0543928705155849
1099 0.0486028492450714
1100 0.045418381690979
1101 0.0579597391188145
1102 0.0587705373764038
1103 0.0535625740885735
1104 0.0554107017815113
1105 0.0590226426720619
1106 0.0381886549293995
1107 0.056573498994112
1108 0.0483850762248039
1109 0.0543621554970741
1110 0.0429176799952984
1111 0.0538627430796623
1112 0.0504088327288628
1113 0.0514818169176579
1114 0.0551973469555378
1115 0.0641247481107712
1116 0.0512889474630356
1117 0.0464651957154274
1118 0.0600502602756023
1119 0.04826745018363
1120 0.0577913597226143
1121 0.0449754782021046
1122 0.05915791913867
1123 0.0513960123062134
1124 0.0460134483873844
1125 0.0523594878613949
1126 0.0485172271728516
1127 0.04630296677351
1128 0.0428390242159367
1129 0.0532818846404552
1130 0.0547572188079357
1131 0.0515526011586189
1132 0.0545761957764626
1133 0.0523621551692486
1134 0.0493309386074543
1135 0.0495334938168526
1136 0.0462372004985809
1137 0.0448872484266758
1138 0.0452220439910889
1139 0.0430223643779755
1140 0.0464324653148651
1141 0.0473353862762451
1142 0.0524187162518501
1143 0.0421932451426983
1144 0.0477185323834419
1145 0.044379074126482
1146 0.0425571948289871
1147 0.0502946376800537
1148 0.0499192699790001
1149 0.0444372966885567
1150 0.0397119335830212
1151 0.0570236295461655
1152 0.0448211506009102
1153 0.0482784174382687
1154 0.0443212687969208
1155 0.0507144033908844
1156 0.0578041300177574
1157 0.0522015765309334
1158 0.0389349274337292
1159 0.0482269786298275
1160 0.0472275167703629
1161 0.0471851900219917
1162 0.0403936952352524
1163 0.0461719110608101
1164 0.0515265055000782
1165 0.0530776791274548
1166 0.046575490385294
1167 0.0486802235245705
1168 0.0594227910041809
1169 0.0422866232693195
1170 0.0458786264061928
1171 0.0493358485400677
1172 0.0456431396305561
1173 0.056385587900877
1174 0.0527610704302788
1175 0.0525194630026817
1176 0.0450242273509502
1177 0.0560275129973888
1178 0.0612137578427792
1179 0.0473219305276871
1180 0.0487414300441742
1181 0.0472789071500301
1182 0.0531017184257507
1183 0.0515928342938423
1184 0.0469127483665943
1185 0.0507757179439068
1186 0.0467565581202507
1187 0.0516240894794464
1188 0.0505599677562714
1189 0.0465723350644112
1190 0.0475761778652668
1191 0.0456130728125572
1192 0.0486384853720665
1193 0.0499117858707905
1194 0.0401334464550018
1195 0.0427913665771484
1196 0.0542751252651215
1197 0.0415903031826019
1198 0.0477728433907032
1199 0.0506637208163738
1200 0.0474858283996582
1201 0.0566733703017235
1202 0.0467833392322063
1203 0.0429327264428139
1204 0.0525081232190132
1205 0.0540898032486439
1206 0.0458952859044075
1207 0.0517628006637096
1208 0.0447599366307259
1209 0.0490415878593922
1210 0.0413801968097687
1211 0.0497948974370956
1212 0.0430335439741611
1213 0.041346974670887
1214 0.0467999279499054
1215 0.0388643406331539
1216 0.0447464399039745
1217 0.0416092127561569
1218 0.0424450747668743
1219 0.0452100746333599
1220 0.0432662591338158
1221 0.0464397370815277
1222 0.052421472966671
1223 0.0456757247447968
1224 0.0458195693790913
1225 0.0451677925884724
1226 0.0436535589396954
1227 0.0387076549232006
1228 0.0390219874680042
1229 0.0480616204440594
1230 0.044292077422142
1231 0.0436748787760735
1232 0.0439193062484264
1233 0.0483627915382385
1234 0.0429436452686787
1235 0.0529798753559589
1236 0.0543291121721268
1237 0.0489550977945328
1238 0.045334879308939
1239 0.0469684898853302
1240 0.0451215729117393
1241 0.0473524741828442
1242 0.0562807470560074
1243 0.0422545708715916
1244 0.0499764792621136
1245 0.047037199139595
1246 0.0487449243664742
1247 0.0492049939930439
1248 0.0404935777187347
1249 0.0513134263455868
1250 0.0407121628522873
1251 0.0427272580564022
1252 0.0481339581310749
1253 0.0461974963545799
1254 0.0490381866693497
1255 0.0449159108102322
1256 0.0431718826293945
1257 0.0373721234500408
1258 0.0484965331852436
1259 0.0437405109405518
1260 0.0474920980632305
1261 0.0380434840917587
1262 0.0452103689312935
1263 0.0450730472803116
1264 0.0419753082096577
1265 0.0376536771655083
1266 0.0407431609928608
1267 0.0377944372594357
1268 0.0426426120102406
1269 0.044446062296629
1270 0.041693814098835
1271 0.0468986853957176
1272 0.0445243678987026
1273 0.0491409562528133
1274 0.0400343462824821
1275 0.0415148325264454
1276 0.036928229033947
1277 0.0412499494850636
1278 0.0439520180225372
1279 0.0416058301925659
1280 0.0446944534778595
1281 0.0445350557565689
1282 0.0357547327876091
1283 0.0434632860124111
1284 0.04738949239254
1285 0.0398680828511715
1286 0.0508536249399185
1287 0.0419280715286732
1288 0.0413862988352776
1289 0.0433818362653255
1290 0.0450841560959816
1291 0.0359761007130146
1292 0.0401261523365974
1293 0.0361587479710579
1294 0.0421932674944401
1295 0.0415447577834129
1296 0.0471599698066711
1297 0.0459796525537968
1298 0.039720144122839
1299 0.037173505872488
1300 0.0457315072417259
1301 0.0507769547402859
1302 0.0460812002420425
1303 0.0405495688319206
1304 0.0516921654343605
1305 0.0394945628941059
1306 0.0437750406563282
1307 0.051378782838583
1308 0.0403343848884106
1309 0.0382720194756985
1310 0.0400873236358166
1311 0.0351633727550507
1312 0.042221762239933
1313 0.0409416332840919
1314 0.0373462438583374
1315 0.04414376989007
1316 0.0394114963710308
1317 0.0384885631501675
1318 0.0341522023081779
1319 0.0404614210128784
1320 0.0434744171798229
1321 0.0425059199333191
1322 0.0391989201307297
1323 0.0405151322484016
1324 0.0401053763926029
1325 0.0434810929000378
1326 0.0445990413427353
1327 0.0416091233491898
1328 0.0379409901797771
1329 0.0433716997504234
1330 0.0329459719359875
1331 0.0438085161149502
1332 0.0384105853736401
1333 0.041803140193224
1334 0.0370389856398106
1335 0.0358305387198925
1336 0.0306699778884649
1337 0.0384174473583698
1338 0.0454533472657204
1339 0.0504340566694736
1340 0.0371552109718323
1341 0.0455006659030914
1342 0.0403905734419823
1343 0.032588642090559
1344 0.0436075478792191
1345 0.0409646928310394
1346 0.0368927530944347
1347 0.0395126529037952
1348 0.0357691906392574
1349 0.0369056612253189
1350 0.0372386984527111
1351 0.0370975211262703
1352 0.0368278548121452
1353 0.044320035725832
1354 0.0445242635905743
1355 0.0381349995732307
1356 0.0397463589906693
1357 0.0394258238375187
1358 0.0380078516900539
1359 0.0456855371594429
1360 0.0363054648041725
1361 0.0412600487470627
1362 0.0353088788688183
1363 0.0380743741989136
1364 0.0406705066561699
1365 0.039209607988596
1366 0.0336260944604874
1367 0.0417472720146179
1368 0.0395251139998436
1369 0.0405064485967159
1370 0.0431052222847939
1371 0.0368058755993843
1372 0.0336412712931633
1373 0.0335521250963211
1374 0.0303841177374125
1375 0.0371201001107693
1376 0.0323038622736931
1377 0.0436256304383278
1378 0.0378259643912315
1379 0.0346597582101822
1380 0.0351898185908794
1381 0.0355101861059666
1382 0.0331550240516663
1383 0.0428571701049805
1384 0.0430569611489773
1385 0.0353109017014503
1386 0.0329134911298752
1387 0.0431512556970119
1388 0.0317717716097832
1389 0.0351864881813526
1390 0.0357715040445328
1391 0.0359233543276787
1392 0.0358816273510456
1393 0.0353936664760113
1394 0.0324536338448524
1395 0.0368092879652977
1396 0.033216267824173
1397 0.0415625683963299
1398 0.0320378430187702
1399 0.0417909026145935
1400 0.0368586033582687
1401 0.0359673760831356
1402 0.0367040634155273
1403 0.0405929684638977
1404 0.0314988754689693
1405 0.0382273942232132
1406 0.0378989167511463
1407 0.0352112203836441
1408 0.0381434634327888
1409 0.0376322828233242
1410 0.0329480357468128
1411 0.0397811569273472
1412 0.0462820418179035
1413 0.0364761352539062
1414 0.0422502681612968
1415 0.0377385504543781
1416 0.0411448441445827
1417 0.03719836845994
1418 0.0320506207644939
1419 0.0376725718379021
1420 0.0437615029513836
1421 0.0346077419817448
1422 0.0308237075805664
1423 0.043919563293457
1424 0.0379410125315189
1425 0.0428467020392418
1426 0.0335305258631706
1427 0.035689689218998
1428 0.0427635945379734
1429 0.04618239402771
1430 0.0421916954219341
1431 0.0485522523522377
1432 0.0453564338386059
1433 0.0412341952323914
1434 0.0455296635627747
1435 0.0369931645691395
1436 0.0443695820868015
1437 0.0438093058764935
1438 0.0408945754170418
1439 0.0359705239534378
1440 0.0366905219852924
1441 0.0357363969087601
1442 0.0332524962723255
1443 0.0369655340909958
1444 0.0323594994843006
1445 0.0396255105733871
1446 0.039400476962328
1447 0.0426893755793571
1448 0.032223753631115
1449 0.0317359305918217
1450 0.0343219786882401
1451 0.034778855741024
1452 0.0329052247107029
1453 0.0352959968149662
1454 0.0371398776769638
1455 0.0325395427644253
1456 0.0333791561424732
1457 0.0379197485744953
1458 0.032128132879734
1459 0.0380842573940754
1460 0.0320944897830486
1461 0.039265438914299
1462 0.0352930314838886
1463 0.0378907360136509
1464 0.0361649394035339
1465 0.0324893444776535
1466 0.0350844636559486
1467 0.0337470844388008
1468 0.0395984798669815
1469 0.0427204184234142
1470 0.0301254522055387
1471 0.0328938886523247
1472 0.0358279719948769
1473 0.0355295762419701
1474 0.0374700389802456
1475 0.0315630696713924
1476 0.0459187403321266
1477 0.0403281785547733
1478 0.0383162498474121
1479 0.0382815338671207
1480 0.039619404822588
1481 0.0315078161656857
1482 0.0369624607264996
1483 0.0357423089444637
1484 0.0400670617818832
1485 0.0354833379387856
1486 0.0327636376023293
1487 0.0419780947268009
1488 0.0344803966581821
1489 0.0375777408480644
1490 0.0327806919813156
1491 0.0338119603693485
1492 0.0391276478767395
1493 0.0360719673335552
1494 0.037925336509943
1495 0.0356947928667068
1496 0.0444243885576725
1497 0.03252262622118
1498 0.0297575145959854
1499 0.0397240035235882
1500 0.0305005442351103
1501 0.0366923362016678
1502 0.034168928861618
1503 0.0435187742114067
1504 0.0292849503457546
1505 0.0395081304013729
1506 0.0382663309574127
1507 0.0368201434612274
1508 0.0271807070821524
1509 0.0319852642714977
1510 0.0343981310725212
1511 0.0313902422785759
1512 0.0319670252501965
1513 0.029227988794446
1514 0.0375186465680599
1515 0.0337453782558441
1516 0.0327647030353546
1517 0.0301648937165737
1518 0.0355938784778118
1519 0.0347144827246666
1520 0.034550666809082
1521 0.0323318764567375
1522 0.0350694172084332
1523 0.0327426716685295
1524 0.0275997873395681
1525 0.0328979641199112
1526 0.031262993812561
1527 0.0323251634836197
1528 0.0264338627457619
1529 0.0298024900257587
1530 0.0327368751168251
1531 0.0330991111695766
1532 0.0327762998640537
1533 0.0331779196858406
1534 0.0366356894373894
1535 0.0296337604522705
1536 0.0427136272192001
1537 0.032932061702013
1538 0.0293792076408863
1539 0.0288516469299793
1540 0.0301820170134306
1541 0.0302766915410757
1542 0.0273500997573137
1543 0.028737485408783
1544 0.0385724194347858
1545 0.0467724613845348
1546 0.0324186384677887
1547 0.0348265022039413
1548 0.034603413194418
1549 0.0360850244760513
1550 0.0298592858016491
1551 0.0380362756550312
1552 0.0309132728725672
1553 0.0310888197273016
1554 0.0326627269387245
1555 0.0327837280929089
1556 0.0361138731241226
1557 0.0322495810687542
1558 0.0334673374891281
1559 0.0355865098536015
1560 0.0363181009888649
1561 0.0351033322513103
1562 0.0380797944962978
1563 0.0374263450503349
1564 0.0247237328439951
1565 0.0358439348638058
1566 0.0352204516530037
1567 0.0355382114648819
1568 0.0424171611666679
1569 0.0317627042531967
1570 0.029072443023324
1571 0.0338941588997841
1572 0.0341691896319389
1573 0.0358963087201118
1574 0.0367228761315346
1575 0.0314212627708912
1576 0.0412033349275589
1577 0.0310489349067211
1578 0.043822143226862
1579 0.0299325753003359
1580 0.0412770137190819
1581 0.0340622588992119
1582 0.0288406796753407
1583 0.0331724509596825
1584 0.0324766971170902
1585 0.0393898338079453
1586 0.0298888199031353
1587 0.0303340889513493
1588 0.0288486536592245
1589 0.0344147607684135
1590 0.0270397122949362
1591 0.0280198622494936
1592 0.0362409614026546
1593 0.0344346798956394
1594 0.0350691601634026
1595 0.0344587527215481
1596 0.0355173498392105
1597 0.0270609017461538
1598 0.0343356765806675
1599 0.0339714549481869
1600 0.0339965894818306
1601 0.0329325273633003
1602 0.0310801137238741
1603 0.0345325544476509
1604 0.03193574026227
1605 0.0296063665300608
1606 0.0306010618805885
1607 0.0293892342597246
1608 0.0240778457373381
1609 0.0289043206721544
1610 0.0338357873260975
1611 0.0340302474796772
1612 0.037470243871212
1613 0.0352979078888893
1614 0.0271936450153589
1615 0.0329642407596111
1616 0.0293733645230532
1617 0.0277280900627375
1618 0.0318985059857368
1619 0.0270185470581055
1620 0.0255628321319818
1621 0.0269860867410898
1622 0.0256641078740358
1623 0.035744734108448
1624 0.0394992493093014
1625 0.031587790697813
1626 0.0286258067935705
1627 0.0307697393000126
1628 0.0326059237122536
1629 0.0322449542582035
1630 0.0303271226584911
1631 0.0269010681658983
1632 0.0288386661559343
1633 0.0294253136962652
1634 0.02805763669312
1635 0.0260580908507109
1636 0.0317180678248405
1637 0.0265448596328497
1638 0.027599235996604
1639 0.0250456910580397
1640 0.0302790757268667
1641 0.0249776542186737
1642 0.032073125243187
1643 0.0236393120139837
1644 0.0289443805813789
1645 0.0318053476512432
1646 0.0257875323295593
1647 0.0288131032139063
1648 0.0245108231902122
1649 0.0269994679838419
1650 0.0286275558173656
1651 0.0246136989444494
1652 0.0264808237552643
1653 0.0301307309418917
1654 0.031185619533062
1655 0.0347362272441387
1656 0.0265663713216782
1657 0.0363661050796509
1658 0.0282443091273308
1659 0.0282275564968586
1660 0.0291159246116877
1661 0.0255400780588388
1662 0.028896439820528
1663 0.0249173771589994
1664 0.0262653212994337
1665 0.0250161606818438
1666 0.0317031629383564
1667 0.0278137400746346
1668 0.0223286636173725
1669 0.0273395068943501
1670 0.0227106511592865
1671 0.0326392985880375
1672 0.0257460810244083
1673 0.0284593533724546
1674 0.0312133058905602
1675 0.0262372680008411
1676 0.0342021510004997
1677 0.0264736413955688
1678 0.0279653444886208
1679 0.0239648018032312
1680 0.0266728643327951
1681 0.023910166695714
1682 0.0221792981028557
1683 0.0267055369913578
1684 0.0278420615941286
1685 0.0281845815479755
1686 0.0238851681351662
1687 0.0296765193343163
1688 0.0236139222979546
1689 0.0310146976262331
1690 0.0314457230269909
1691 0.0316329896450043
1692 0.0247666519135237
1693 0.0287506338208914
1694 0.0259186364710331
1695 0.023962464183569
1696 0.0237670447677374
1697 0.0266007203608751
1698 0.0255466103553772
1699 0.031512513756752
1700 0.0268981587141752
1701 0.0221421420574188
1702 0.0223537795245647
1703 0.0249062962830067
1704 0.0279823206365108
1705 0.0235610660165548
1706 0.0281405560672283
1707 0.0229002572596073
1708 0.0234876368194818
1709 0.0259331408888102
1710 0.0262276008725166
1711 0.0279920119792223
1712 0.0276179928332567
1713 0.0289572905749083
1714 0.0240122694522142
1715 0.0260155145078897
1716 0.0349880792200565
1717 0.0336747616529465
1718 0.0234815608710051
1719 0.0278487559407949
1720 0.0283847115933895
1721 0.0274577867239714
1722 0.0293648298829794
1723 0.0263539627194405
1724 0.0249737855046988
1725 0.0252778250724077
1726 0.0257349945604801
1727 0.0246881302446127
1728 0.0248858965933323
1729 0.0273127797991037
1730 0.0268392935395241
1731 0.0261969417333603
1732 0.0269577521830797
1733 0.0325004458427429
1734 0.0295344609767199
1735 0.0286462586373091
1736 0.024808157235384
1737 0.0269404817372561
1738 0.0208635814487934
1739 0.0274011828005314
1740 0.0226165428757668
1741 0.0236623864620924
1742 0.0237910188734531
1743 0.0191687643527985
1744 0.0233204942196608
1745 0.0254954267293215
1746 0.0312448553740978
1747 0.0231636762619019
1748 0.0261098872870207
1749 0.0260842461138964
1750 0.0223175901919603
1751 0.0279902871698141
1752 0.0261421035975218
1753 0.0285969544202089
1754 0.0247771330177784
1755 0.0276227481663227
1756 0.0215340387076139
1757 0.0252294391393661
1758 0.0253631044179201
1759 0.0234215259552002
1760 0.0284726619720459
1761 0.0228522773832083
1762 0.0214723162353039
1763 0.0292577724903822
1764 0.027214054018259
1765 0.0268074534833431
1766 0.0247643329203129
1767 0.0268116574734449
1768 0.0259139463305473
1769 0.0244089886546135
1770 0.0262104477733374
1771 0.0293056815862656
1772 0.0294392704963684
1773 0.021587960422039
1774 0.022239726036787
1775 0.0280452556908131
1776 0.0261624120175838
1777 0.0200401674956083
1778 0.0189124662429094
1779 0.0275032855570316
1780 0.0263129565864801
1781 0.0198627877980471
1782 0.0235095582902431
1783 0.025051686912775
1784 0.022835923358798
1785 0.0271136779338121
1786 0.0242705754935741
1787 0.024499224498868
1788 0.0279193371534348
1789 0.0258218795061111
1790 0.022865341976285
1791 0.0282993912696838
1792 0.0285749584436417
1793 0.0257971063256264
1794 0.0245790351182222
1795 0.0251192897558212
1796 0.0237529184669256
1797 0.0284878332167864
1798 0.0268680863082409
1799 0.0227406471967697
1800 0.0226310733705759
1801 0.0278565362095833
1802 0.0214200038462877
1803 0.0257766153663397
1804 0.0223203990608454
1805 0.0238518696278334
1806 0.0205770898610353
1807 0.0207148287445307
1808 0.019828075543046
1809 0.0216672662645578
1810 0.0274002738296986
1811 0.0302323661744595
1812 0.0238548815250397
1813 0.0232653766870499
1814 0.0271786879748106
1815 0.0248150285333395
1816 0.0292005091905594
1817 0.0258381348103285
1818 0.0261373035609722
1819 0.0285456385463476
1820 0.0228247325867414
1821 0.0304762907326221
1822 0.025787353515625
1823 0.0243036523461342
1824 0.0248399134725332
1825 0.0303812026977539
1826 0.035305067896843
1827 0.0243041925132275
1828 0.0256354622542858
1829 0.0271239392459393
1830 0.024811876937747
1831 0.0261691138148308
1832 0.0273940712213516
1833 0.0315429121255875
1834 0.0265395902097225
1835 0.0285599865019321
1836 0.0266065690666437
1837 0.0233890004456043
1838 0.0204067006707191
1839 0.0220651905983686
1840 0.0258620288223028
1841 0.0232588388025761
1842 0.0240020733326674
1843 0.0276489928364754
1844 0.0226690229028463
1845 0.0248654652386904
1846 0.0230298545211554
1847 0.0285122599452734
1848 0.024635786190629
1849 0.0228925924748182
1850 0.0220149606466293
1851 0.0230215713381767
1852 0.0231259670108557
1853 0.0240920949727297
1854 0.0336390845477581
1855 0.0201742313802242
1856 0.0277318954467773
1857 0.0259919073432684
1858 0.0238716974854469
1859 0.0225710477679968
1860 0.0234268940985203
1861 0.0264049135148525
1862 0.0255996398627758
1863 0.0181933417916298
1864 0.0255963392555714
1865 0.0213882941752672
1866 0.0210634600371122
1867 0.0269531942903996
1868 0.0293641705065966
1869 0.0217918083071709
1870 0.0239555202424526
1871 0.021873140707612
1872 0.0263884477317333
1873 0.0196714270859957
1874 0.0267350003123283
1875 0.0241532288491726
1876 0.0224307104945183
1877 0.0227284710854292
1878 0.0231699254363775
1879 0.0216256994754076
1880 0.0253912564367056
1881 0.0250330902636051
1882 0.0235670525580645
1883 0.0287325661629438
1884 0.0249326322227716
1885 0.0231211464852095
1886 0.0192404482513666
1887 0.0196636244654655
1888 0.0251885578036308
1889 0.019342353567481
1890 0.0210229549556971
1891 0.0232836790382862
1892 0.0207434985786676
1893 0.0186693705618382
1894 0.021630946546793
1895 0.0239865034818649
1896 0.0215630624443293
1897 0.0170132182538509
1898 0.0247585512697697
1899 0.0212196502834558
1900 0.0255714245140553
1901 0.0211151465773582
1902 0.0242573022842407
1903 0.0219782665371895
1904 0.0214337334036827
1905 0.0238243024796247
1906 0.0252824686467648
1907 0.0244720745831728
1908 0.0233485978096724
1909 0.0142055610194802
1910 0.0187064241617918
1911 0.0216412805020809
1912 0.0185673870146275
1913 0.0255820844322443
1914 0.0182939991354942
1915 0.0204768031835556
1916 0.0215418860316277
1917 0.0186580512672663
1918 0.0203664749860764
1919 0.0283530708402395
1920 0.023211307823658
1921 0.0245682187378407
1922 0.0197778791189194
1923 0.0253208838403225
1924 0.0235716309398413
1925 0.0211335495114326
1926 0.0196405109018087
1927 0.0195425804704428
1928 0.021087883040309
1929 0.0226444564759731
1930 0.0203676261007786
1931 0.0198552273213863
1932 0.0208208337426186
1933 0.0196691919118166
1934 0.0197312626987696
1935 0.0218990910798311
1936 0.021369744092226
1937 0.0198907796293497
1938 0.0217075180262327
1939 0.0207383222877979
1940 0.0192324966192245
1941 0.0215593390166759
1942 0.0227455943822861
1943 0.0178256276994944
1944 0.0210457276552916
1945 0.0210133213549852
1946 0.0235269498080015
1947 0.0256652776151896
1948 0.0201489999890327
1949 0.0194051284343004
1950 0.0232693795114756
1951 0.0192507542669773
1952 0.0207320544868708
1953 0.0212248098105192
1954 0.0200111381709576
1955 0.0198227502405643
1956 0.0211575608700514
1957 0.0220148731023073
1958 0.0199781022965908
1959 0.0218478534370661
1960 0.0187122784554958
1961 0.0161110237240791
1962 0.0251776967197657
1963 0.0224534589797258
1964 0.0199295058846474
1965 0.0239488538354635
1966 0.0210331734269857
1967 0.0196666736155748
1968 0.0210521537810564
1969 0.0240703746676445
1970 0.0185423344373703
1971 0.017193004488945
1972 0.0182270146906376
1973 0.0170375742018223
1974 0.0186133701354265
1975 0.020967073738575
1976 0.0233524329960346
1977 0.0207996852695942
1978 0.0179316997528076
1979 0.0217706300318241
1980 0.0151653010398149
1981 0.0186304189264774
1982 0.019687581807375
1983 0.0204800628125668
1984 0.0194692891091108
1985 0.0218340065330267
1986 0.0213095284998417
1987 0.0189890991896391
1988 0.0235025938600302
1989 0.0275503154844046
1990 0.0193876214325428
1991 0.0265230927616358
1992 0.0205133687704802
1993 0.02138108946383
1994 0.0233398731797934
1995 0.0239716097712517
1996 0.0190541706979275
1997 0.0212484616786242
1998 0.0195339135825634
1999 0.0187539998441935
