1 0.0596250891685486
2 0.00261562480591238
3 -0.00427958695217967
4 -0.00429798988625407
5 -0.00361638003960252
6 -0.00353583693504333
7 -0.00285915448330343
8 -0.00135205569677055
9 -0.000994606292806566
10 -0.000570409698411822
11 -0.000529959390405566
12 -0.000398036936530843
13 0.00243181246332824
14 0.00495857512578368
15 0.00122922519221902
16 0.000192001272807829
17 -0.000395952170947567
18 0.000399087846744806
19 -0.000732435088139027
20 -0.00169258809182793
21 -0.00132863025646657
22 1.77327310666442e-05
23 -0.000310346484184265
24 -0.00196121167391539
25 -0.000690798100549728
26 -0.000659993325825781
27 0.00530375959351659
28 0.00163266842719167
29 -0.000768261030316353
30 -0.00375510496087372
31 -0.00175696692895144
32 0.000430183077696711
33 -0.00338035449385643
34 -0.00240978109650314
35 -0.00282610859721899
36 -0.00282902293838561
37 -0.00263854395598173
38 -0.00199810089543462
39 -0.0027088588103652
40 -0.00242405501194298
41 -0.00269321701489389
42 -0.00306602218188345
43 -0.00459474278613925
44 -0.0055369334295392
45 -0.00471029290929437
46 -0.0045728855766356
47 -0.00341397640295327
48 -0.00121519167441875
49 -0.00106569624040276
50 -0.00159770925529301
51 -0.00241770572029054
52 -0.00344804744236171
53 -0.00443964079022408
54 -0.00517230620607734
55 0.000340208876878023
56 -0.00397877674549818
57 -0.0043097953312099
58 0.00621844548732042
59 -0.000335955963237211
60 0.000932925380766392
61 -0.00012177257303847
62 -0.00255236960947514
63 -0.00328285037539899
64 0.0232686530798674
65 0.00510173290967941
66 0.00344560923986137
67 0.00147001794539392
68 -0.000777358014602214
69 -0.00221661361865699
70 -0.00164206221234053
71 -0.00203876313753426
72 0.00962207093834877
73 -0.000946045387536287
74 -0.00035635445965454
75 -0.0010039183543995
76 0.00920919515192509
77 -0.000914572679903358
78 0.00566984200850129
79 -0.000514014333020896
80 -0.00174526812043041
81 0.00915443804115057
82 -0.00110721495002508
83 0.00295478361658752
84 -0.00102182326372713
85 0.00413675373420119
86 -0.000351528549799696
87 -0.000251714198384434
88 -0.00147971604019403
89 -0.000695959141012281
90 -0.000698337040375918
91 -0.00127163936849684
92 -0.000962048245128244
93 -7.89954792708158e-05
94 -0.00132440903689712
95 0.00595248490571976
96 -0.00118645513430238
97 -0.00112979870755225
98 -0.00175927137024701
99 0.000531671685166657
100 -0.000894835218787193
101 -0.000336385302944109
102 -0.00110401422716677
103 -0.00175573327578604
104 -0.00192449695896357
105 0.00144008081406355
106 -0.00109148898627609
107 -0.000991431763395667
108 -0.000474780332297087
109 0.0021955945994705
110 -0.000942514219786972
111 -0.000742339470889419
112 0.00474174274131656
113 -0.00100392929743975
114 0.000822472095023841
115 -0.00131635263096541
116 0.000648464716505259
117 -0.000935892516281456
118 -0.0007494788733311
119 0.0012454743264243
120 0.000627169967629015
121 -0.000922424893360585
122 -0.000116027520562056
123 -0.00139778445009142
124 0.00709284609183669
125 0.00133508059661835
126 0.000565878988709301
127 -0.000438280490925536
128 -0.000926838256418705
129 0.000104094156995416
130 -0.000743294542189687
131 -0.000267144059762359
132 -0.000677152362186462
133 -0.00118340156041086
134 0.002803755691275
135 0.00103639054577798
136 -0.00107007694896311
137 -0.000842485518660396
138 0.0063830241560936
139 0.000151111205923371
140 -0.000823695678263903
141 0.000384803599445149
142 -0.000607791298534721
143 -0.00101553089916706
144 -0.000686563551425934
145 -0.000644351821392775
146 -0.000793700688518584
147 -0.000988667015917599
148 0.000866211601532996
149 -0.0013361923629418
150 -0.000634690106380731
151 -0.000113129339297302
152 -0.000919530284591019
153 -0.000917699770070612
154 -0.00103373406454921
155 -0.00078493042383343
156 0.0104890186339617
157 0.00137600349262357
158 -0.000785688578616828
159 2.85088553937385e-05
160 -0.000968369131442159
161 -0.000545621092896909
162 -0.000853852776344866
163 -0.000830108416266739
164 -0.00102023594081402
165 0.017467463389039
166 0.000128212326671928
167 -0.000721626391168684
168 -0.000776716158725321
169 -6.71959496685304e-05
170 -0.000175336870597675
171 -0.000848759373184294
172 7.85167358117178e-05
173 -0.000980179174803197
174 -0.000957505777478218
175 0.000384663901058957
176 -0.000386039726436138
177 -0.00107087229844183
178 -0.000797471439000219
179 -0.000820603396277875
180 0.00444052321836352
181 -0.000521554553415626
182 -0.000187146870302968
183 -0.000297073129331693
184 -0.000470821949420497
185 0.00136919924989343
186 -0.000910842441953719
187 -0.000746333156712353
188 -0.000857456296216697
189 -0.00039328247657977
190 -0.000316486257361248
191 -0.000345289678080007
192 -0.000745010387618095
193 0.00250529521144927
194 0.000319598242640495
195 -0.000184153075679205
196 -0.000616541714407504
197 -0.000293539109406993
198 -0.000996203976683319
199 -0.000965405080933124
200 -0.000686472863890231
201 -0.000258634885540232
202 -0.000876028381753713
203 2.78651725693635e-07
204 0.000781396578531712
205 -0.000458705326309428
206 -0.000846405338961631
207 0.00571888452395797
208 0.000114198752271477
209 -0.000109939675894566
210 -0.00106496165972203
211 0.00238821003586054
212 -0.000318920909194276
213 -0.000773290696088225
214 -0.000199223592062481
215 -0.00050991860916838
216 0.00456781033426523
217 3.72963513655122e-05
218 -0.000532099918927997
219 0.00283685512840748
220 -0.000799966452177614
221 0.000542610883712769
222 -0.000462025724118575
223 -0.00130374694708735
224 0.00026177623658441
225 -0.000789181620348245
226 -0.00012698900536634
227 -0.000967356550972909
228 0.00188682344742119
229 -0.000665359024424106
230 0.000781032489612699
231 0.000679565942846239
232 -0.000897691061254591
233 -0.00014770646521356
234 -0.000851313234306872
235 -0.00118826166726649
236 -0.000221732640056871
237 -0.000937586475629359
238 0.000497203029226512
239 -0.000580797379370779
240 0.00091497675748542
241 -0.000338951678713784
242 -0.000426750630140305
243 0.000149869461893104
244 -0.00085074407979846
245 -0.000195002416148782
246 -0.00105796754360199
247 0.00165965093765408
248 -0.000491258397232741
249 -0.000624798121862113
250 -0.000777792767621577
251 -0.00100713316351175
252 0.000496999535243958
253 -0.000689504842739552
254 -0.00044778743176721
255 0.000343488267390057
256 -0.000762895273510367
257 -0.000928390247281641
258 0.0107146119698882
259 0.000264275498921052
260 -0.000512476137373596
261 0.00246311747469008
262 -0.000267001072643325
263 -0.000564722053240985
264 -0.000929570291191339
265 -0.00052930845413357
266 0.00401017582044005
267 0.000303951383102685
268 -0.000107259584183339
269 -0.000941395002882928
270 0.00368890794925392
271 -0.000672488124109805
272 0.00070325325941667
273 -0.000504509487655014
274 1.73098414961714e-05
275 -0.000755318906158209
276 0.0146641749888659
277 0.000266948918579146
278 0.000606216432061046
279 -0.000960605626460165
280 0.00411239406093955
281 -0.000530671968590468
282 -0.000985176535323262
283 0.000154776455019601
284 -0.000807346601504833
285 -0.000422275945311412
286 -0.000963016995228827
287 0.000787895929533988
288 -0.00102050742134452
289 4.41301381215453e-05
290 -0.000937120465096086
291 0.00253981887362897
292 -0.000745219003874809
293 0.00259067094884813
294 -0.000911886047106236
295 -0.000904013228137046
296 0.000366718129953369
297 -0.000646319822408259
298 0.00212158588692546
299 0.000269509328063577
300 0.000141712371259928
301 -0.000858749088365585
302 -0.000305493362247944
303 -0.00120920198969543
304 0.00387961277738214
305 -0.000844451074954122
306 -0.000695109833031893
307 -0.00118806166574359
308 0.000240351262618788
309 -0.000756258494220674
310 -0.00112356466706842
311 -0.00155314861331135
312 -0.00111997441854328
313 0.000745317956898361
314 -0.00111278507392853
315 0.00156517548020929
316 -0.000188955295016058
317 -0.00114961306098849
318 -0.00137180194724351
319 -0.0013834061101079
320 0.00231868564151227
321 -0.000476468587294221
322 -0.000821972382254899
323 -0.000448574865004048
324 -0.000950206653214991
325 0.00256699393503368
326 -1.73543576238444e-05
327 -0.000137940427521244
328 -0.00101091631222516
329 0.00217481749132276
330 -0.00062582700047642
331 8.07767282822169e-05
332 -0.00062681152485311
333 -0.000807154923677444
334 0.00023776940361131
335 -0.000710643245838583
336 0.00160184339620173
337 5.32139119968633e-06
338 -0.000929290428757668
339 -0.00103963131550699
340 -0.000903831270989031
341 -0.000723760400433093
342 -0.00104374415241182
343 0.00401882408186793
344 -0.000506382610183209
345 0.000396390358218923
346 -0.000668380060233176
347 -0.00106242951005697
348 0.00163958582561463
349 -0.000680761120747775
350 -0.000488910067360848
351 -0.000831876415759325
352 -0.000969337881542742
353 0.0049060988239944
354 -0.000213191102375276
355 -0.000857069797348231
356 -0.000319378275889903
357 -0.000786241726018488
358 -0.000277364364592358
359 -0.000882153690326959
360 0.00586500996723771
361 0.000612968520727009
362 -0.00052383029833436
363 -0.00111867452505976
364 -0.000456697511253878
365 -0.00076137314317748
366 -0.000538577034603804
367 0.000725083402357996
368 -0.000960274774115533
369 -0.000702924386132509
370 -0.00137655425351113
371 0.0081647327169776
372 -3.04023742501158e-05
373 -0.000768018595408648
374 -0.000521013280376792
375 -0.00114112871233374
376 -0.00158433488104492
377 0.00535118067637086
378 -0.000615622207988054
379 -0.00109564035665244
380 0.000359817146090791
381 -0.000934734125621617
382 0.0129071939736605
383 -0.000305354595184326
384 -0.0010393054690212
385 -0.000644909858237952
386 -0.00103680754546076
387 0.00417184783145785
388 -0.000307571346638724
389 -0.00105697463732213
390 -0.000804615789093077
391 -0.000810359313618392
392 7.37668960937299e-05
393 -0.00114817707799375
394 0.00232681445777416
395 -0.000937711738515645
396 -0.000661139492876828
397 0.00366244162432849
398 -1.20121285362984e-05
399 -0.000838083040434867
400 -0.000809397839475423
401 0.00535314111039042
402 -0.000870440795551986
403 -0.000900259066838771
404 -0.000421941746026278
405 -0.00118857470806688
406 0.00312615628354251
407 -0.000905455846805125
408 0.00020264349586796
409 -0.000767022313084453
410 -0.000980128650553524
411 0.00668179709464312
412 -0.000357948563760146
413 -0.000215437365113758
414 -0.00111822737380862
415 0.0014362019719556
416 -0.000991250271908939
417 0.00804063212126493
418 9.22337640076876e-05
419 -0.000788340519648045
420 8.20648892840836e-06
421 -0.000704714097082615
422 -0.000140382719109766
423 -0.000706724065821618
424 -0.000137171926326118
425 -0.000976339739281684
426 -0.000267053692368791
427 -0.00126589916180819
428 0.000807635136879981
429 -0.000733650755137205
430 0.0024112758692354
431 -0.000301378400763497
432 -0.00079746637493372
433 0.0130424769595265
434 0.000715922098606825
435 -0.000442984513938427
436 -0.000544901646208018
437 0.0037974298465997
438 -0.000306593632558361
439 -0.00121931394096464
440 0.00196639052592218
441 -0.000768956553656608
442 0.000970173277892172
443 -0.00100827240385115
444 -0.00142527825664729
445 0.000106641091406345
446 -0.000568293617106974
447 0.0124261816963553
448 0.000519532186444849
449 -0.000411770684877411
450 0.00875397678464651
451 0.000214177925954573
452 -0.000881134357769042
453 0.00213182833977044
454 -2.31796889238467e-06
455 0.00169602897949517
456 -0.000613579002674669
457 -0.000396295741666108
458 -0.000756977999117225
459 -6.95829294272698e-05
460 -0.000746365578379482
461 0.000426644051913172
462 -0.000676597468554974
463 -0.000508029421325773
464 -0.00109921977855265
465 0.0006823455914855
466 -0.0011967223836109
467 0.000473034015158191
468 -0.000105167346191593
469 -0.00050180172547698
470 0.000781371665652841
471 -0.000511905469466001
472 3.30661423504353e-05
473 -0.000917621830012649
474 -0.000739266572054476
475 0.00192872807383537
476 -0.00057802617084235
477 0.000119633601570968
478 -0.000745164987165481
479 0.000189591941307299
480 -0.000550472817849368
481 0.00152662384789437
482 0.00732361478731036
483 -0.000480637798318639
484 -0.000712887034751475
485 -0.000994976609945297
486 -0.000634281255770475
487 -0.00115728506352752
488 -0.000793702725786716
489 -0.000972502690274268
490 0.00490558054298162
491 0.00047804182395339
492 -0.000556629034690559
493 -0.000673440925311297
494 0.000436820089817047
495 -0.000968487409409136
496 -2.43896629399387e-05
497 0.000693552137818187
498 -0.000279901549220085
499 -0.00113829807378352
500 0.0010350274387747
501 -0.000591703515965492
502 -0.00089112197747454
503 0.000482253642985597
504 -0.000578289851546288
505 0.00345827708952129
506 -0.00040247748256661
507 -0.000856942671816796
508 0.00252609490416944
509 -0.000683690479490906
510 -0.000738833216018975
511 -5.45927796338219e-05
512 -0.000422756857005879
513 -0.000395447015762329
514 -0.00123466667719185
515 0.0132214752957225
516 0.000387625623261556
517 -0.000146838836371899
518 2.80621475212683e-06
519 -0.000850321725010872
520 0.000675096118357033
521 -0.000519265420734882
522 -0.00117578613571823
523 0.00297566223889589
524 -0.000401017925469205
525 -0.000829229131340981
526 0.000489297264721245
527 0.000133554101921618
528 -0.0009715412161313
529 0.00470760371536016
530 0.000225453826715238
531 -0.00116279313806444
532 0.00357885961420834
533 0.000297649094136432
534 -0.000409668282372877
535 -0.00111195421777666
536 0.00216591032221913
537 -0.000577846192754805
538 -0.000608040427323431
539 -0.000660712481476367
540 -0.00126570940483361
541 0.000398183474317193
542 -0.000527569791302085
543 -0.000882668595295399
544 0.00815520994365215
545 0.000579781015403569
546 0.000232443941058591
547 -0.00103605876211077
548 1.08182430267334e-05
549 -0.000154307301272638
550 -0.00113441899884492
551 0.00160555529873818
552 -0.000529204902704805
553 -0.000753023778088391
554 0.00336928525939584
555 0.000410768494475633
556 0.000450503779575229
557 0.002141407225281
558 -8.34729798953049e-05
559 -0.000271974800853059
560 -0.000538907304871827
561 -0.00081937835784629
562 0.0022377350833267
563 -0.0010778697906062
564 -0.00109207560308278
565 0.00111039297189564
566 -0.00046190619468689
567 0.000248958269366995
568 -0.000852461846079677
569 0.00919714011251926
570 0.00111399765592068
571 -0.000239170156419277
572 0.0031150549184531
573 -0.000146862352266908
574 -0.0010556218912825
575 0.00661627342924476
576 -0.000488080841023475
577 -0.000609266746323556
578 -0.000744317891076207
579 -0.000426689453888685
580 -0.000324510416248813
581 -6.02752443228383e-05
582 -0.00113786722067744
583 0.00405757268890738
584 -0.000804668408818543
585 0.00772823998704553
586 -9.14778574951924e-05
587 -0.00101312866900116
588 -0.000928628724068403
589 0.013779160566628
590 -1.3324897736311e-05
591 -0.00022144075774122
592 -0.000861166510730982
593 -0.000237719897995703
594 -0.00104281108360738
595 -0.00110787607263774
596 0.000640327692963183
597 -0.000552574347238988
598 -1.50658188431407e-05
599 -0.000755475834012032
600 0.00428263237699866
601 2.3977388991625e-05
602 -2.79079195024678e-05
603 -0.000717091839760542
604 -0.000614094780758023
605 0.00381165044382215
606 -0.000539375469088554
607 -0.000509773206431419
608 -0.000357565731974319
609 -8.88038412085734e-05
610 -0.000822911155410111
611 0.00245313229970634
612 0.000719277188181877
613 0.000105850216641556
614 -0.00077988050179556
615 0.00674315541982651
616 0.000208418685360812
617 -8.2844497228507e-05
618 -0.000952948641497642
619 0.00274113472551107
620 -0.00066227262141183
621 -0.000999261974357069
622 0.00110016891267151
623 -0.000815306615550071
624 -0.000289430376142263
625 -0.00101496954448521
626 0.00185653462540358
627 -0.00055343407439068
628 -0.000768612546380609
629 -0.00125715392641723
630 -0.000776001892518252
631 0.00461249565705657
632 -0.000253702135523781
633 0.00245583965443075
634 -0.000371646339772269
635 -0.000957297103013843
636 0.00238344608806074
637 -0.000821807130705565
638 -0.00117157015483826
639 0.00503061059862375
640 -0.000671126530505717
641 -0.00085414742352441
642 -0.000641658145468682
643 -0.000550917524378747
644 0.00676896283403039
645 -0.000281751446891576
646 6.73771864967421e-05
647 -0.00110040977597237
648 0.000445128040155396
649 -0.000781153736170381
650 0.00192757358308882
651 -0.000609247596003115
652 0.00171661842614412
653 -0.000411055516451597
654 -0.00115889019798487
655 -0.00128951098304242
656 -0.000978288589976728
657 -0.00112548656761646
658 -0.000911446695681661
659 -0.000794861873146147
660 0.00308775925077498
661 -0.000172198662767187
662 -0.00046296589425765
663 -0.00123648287262768
664 -0.00125324004329741
665 0.00476200645789504
666 -8.0562946095597e-05
667 -0.00129769858904183
668 0.00536157609894872
669 -0.000282739958493039
670 -0.000978485913947225
671 -0.00025377722340636
672 -0.00100603350438178
673 0.0024927482008934
674 -0.00087514566257596
675 0.00332170352339745
676 -0.000460620591184124
677 -0.000357818411430344
678 -0.00161995401140302
679 0.012604164890945
680 0.00176528084557503
681 0.00102669035550207
682 -0.000652375107165426
683 -0.000889727845788002
684 -0.000701153476256877
685 -0.000636858807411045
686 -0.000798828550614417
687 -0.000272047909675166
688 -0.00101299583911896
689 -0.000723464414477348
690 0.000307555950712413
691 0.000129336680402048
692 0.000860712898429483
693 -0.000786142714787275
694 -0.000678665761370212
695 0.00527297100052238
696 0.000150151186971925
697 -0.00101932825054973
698 0.000433176843216643
699 -0.000800349225755781
700 0.00932891573756933
701 0.00211970577947795
702 3.74928131350316e-05
703 -0.00114183058030903
704 -0.000787103723268956
705 6.06595094723161e-05
706 -0.00059148803120479
707 -0.00100702501367778
708 -0.00125026842579246
709 0.0113200396299362
710 9.33667397475801e-05
711 -0.000755777407903224
712 -0.000655463139992207
713 -0.000323563348501921
714 0.00849782954901457
715 0.00076649768743664
716 -0.000474619038868695
717 -0.000411136745242402
718 0.0139517961069942
719 -0.000452969135949388
720 -0.000564998132176697
721 -0.000813782797195017
722 0.00267408951185644
723 -3.14671560772695e-05
724 -0.00114480254705995
725 0.000636626209598035
726 -0.000484728720039129
727 -0.00088702974608168
728 0.00491122016683221
729 -0.000866594375111163
730 0.00156760832760483
731 -0.000410070380894467
732 -0.000218808258068748
733 -0.000160366209456697
734 -0.00093864876544103
735 0.0018574841087684
736 -0.00116759596858174
737 -0.00145379430614412
738 -0.000973183836322278
739 0.00129487027879804
740 -0.000492749968543649
741 0.000980344600975513
742 0.000958208926022053
743 -0.000957457930780947
744 0.00582537800073624
745 -2.43676367972512e-05
746 -0.000632480252534151
747 0.0127055272459984
748 0.000887685571797192
749 -0.00051001226529479
750 -0.001079605310224
751 -0.000804997223895043
752 0.000253973819781095
753 -0.000645416846964508
754 0.0018189427210018
755 -0.000640927290078253
756 -0.000132751752971672
757 -0.000375053292373195
758 -0.000449326558737084
759 0.000589992385357618
760 -0.000774106534663588
761 0.0126592041924596
762 0.00217148964293301
763 -0.000222137197852135
764 -0.00105764833278954
765 0.00076497218105942
766 0.00391138903796673
767 -1.89531601790804e-05
768 0.00184357783291489
769 -0.00103051529731601
770 0.00886756367981434
771 0.000402457459131256
772 -0.000727574166376144
773 0.00251101958565414
774 -0.000831460230983794
775 0.00462782802060246
776 -0.000414731301134452
777 0.00471280515193939
778 0.000132992674480192
779 -0.000339624297339469
780 -0.00073339615482837
781 0.00189003755804151
782 -0.000622255844064057
783 -0.000551713455934078
784 -0.00050446082605049
785 0.00538849178701639
786 -0.000500919006299227
787 -0.000412901601521298
788 0.00038215221138671
789 0.0105916876345873
790 -0.000656617514323443
791 -0.00019544102542568
792 -0.00102494924794883
793 0.0170467346906662
794 0.00641871942207217
795 0.00339646684005857
796 0.0015286166453734
797 -0.00100537051912397
798 0.00193554034922272
799 -0.000829591881483793
800 -0.000459170056274161
801 0.00443812599405646
802 0.000384191574994475
803 -0.000611999828834087
804 0.00499076768755913
805 -0.000303048640489578
806 -0.000536469276994467
807 0.00179317151196301
808 8.2471058703959e-05
809 0.000490884704049677
810 0.00181745924055576
811 0.0142152728512883
812 0.00312968529760838
813 0.00247161719016731
814 0.000660014513414353
815 -0.000139876647153869
816 -0.000104399958217982
817 0.00269679096527398
818 -0.000651169510092586
819 0.00403806939721107
820 0.000686557614244521
821 -0.000713373243343085
822 0.000711169675923884
823 -0.00105863146018237
824 -0.000502402719575912
825 0.000184544551302679
826 0.00682366220280528
827 -0.000476961315143853
828 0.000977938063442707
829 0.00188521074596792
830 0.000708804582245648
831 -0.000864948786329478
832 0.000691042863763869
833 -0.000128711573779583
834 -0.000197259243577719
835 0.00588348554447293
836 0.0011400340590626
837 -0.000533280603121966
838 0.00142846431117505
839 -0.000306122470647097
840 -0.000370604044292122
841 0.00171170313842595
842 0.0085372356697917
843 -0.00088256731396541
844 0.00982298515737057
845 0.00017534704238642
846 0.000748846970964223
847 -0.000237264190218411
848 -0.000341672654030845
849 0.00360220903530717
850 -0.000854349229484797
851 0.0171827506273985
852 0.00236947392113507
853 -0.000534214719664305
854 0.000803127826657146
855 0.000379333272576332
856 -0.000558929110411555
857 0.00705932220444083
858 -6.20377977611497e-05
859 -0.00123312033247203
860 0.000695177935995162
861 -0.000893848657142371
862 0.00519816391170025
863 -0.000181282128323801
864 0.000651627953629941
865 -0.000566295988392085
866 0.00372270424850285
867 -0.000295418984023854
868 0.00519226305186749
869 0.000646071799565107
870 0.00148902123328298
871 -0.000663500104565173
872 0.00103533978108317
873 -0.000616590667050332
874 0.0053261867724359
875 0.000946409185416996
876 0.0120568256825209
877 0.00141106802038848
878 0.000267699564574286
879 0.00306312344036996
880 0.000169216189533472
881 -0.00104792998172343
882 0.00590113876387477
883 0.00057113787624985
884 -0.00117176899220794
885 0.0109557257965207
886 0.00081849581329152
887 0.00118013122119009
888 0.000433728011557832
889 0.0081169530749321
890 -0.00022039758914616
891 -0.000716794223990291
892 0.0010378307197243
893 0.00175823166500777
894 -9.35147763811983e-05
895 0.0105899712070823
896 -0.000111660643597133
897 0.0105235669761896
898 -5.51489429199137e-05
899 0.000231949059525505
900 0.00740920752286911
901 0.000136394330183975
902 -0.000474250497063622
903 0.00288066710345447
904 -0.000359934871084988
905 0.000696123228408396
906 0.00993505120277405
907 0.000488602265249938
908 0.000374672847101465
909 0.000652355025522411
910 0.00199938588775694
911 0.00131252827122808
912 -0.000242277150391601
913 0.00139522668905556
914 0.00980654079467058
915 0.000602124840952456
916 0.000299526436720043
917 0.00113170337863266
918 0.00028140630456619
919 7.74356522015296e-05
920 0.000466070137917995
921 0.000911792565602809
922 -0.000966374005656689
923 0.0343039110302925
924 0.00201755366288126
925 -9.98213436105289e-05
926 0.00190889870282263
927 0.00269607431255281
928 0.0022087327670306
929 0.000883554108440876
930 0.00911223422735929
931 0.00121272320393473
932 5.93697659496684e-05
933 3.66178828699049e-05
934 0.00402862345799804
935 6.63478422211483e-05
936 -0.000422104087192565
937 0.0154801486060023
938 0.00101100408937782
939 -0.000864013680256903
940 0.00163334480021149
941 -2.80271760857431e-05
942 0.00294508226215839
943 0.0210158303380013
944 0.0048199868761003
945 0.000152136592078023
946 0.00339164584875107
947 0.000221996670006774
948 -0.000332259194692597
949 0.0146795306354761
950 0.000576791178900748
951 -0.00060712912818417
952 -0.000626688764896244
953 0.00431267032399774
954 0.000901857682038099
955 0.0330992862582207
956 0.00138047826476395
957 0.000329381320625544
958 -0.000633143121376634
959 0.0159231703728437
960 0.00230874470435083
961 -0.000331022165482864
962 0.00505952024832368
963 0.0013904549414292
964 0.000354437535861507
965 0.00616364134475589
966 -8.08861150289886e-05
967 -0.000699475407600403
968 0.00795944314450026
969 0.00127007067203522
970 -0.000235373736359179
971 -0.000656876887660474
972 -0.000531632045749575
973 0.018129538744688
974 0.00337424874305725
975 0.000361838756361976
976 0.00298460875637829
977 0.0166096743196249
978 0.000803280563559383
979 0.0157642289996147
980 0.00238003092817962
981 -0.000436883245129138
982 0.00663119927048683
983 0.000537031271960586
984 -0.000323792221024632
985 0.000644723535515368
986 -0.00058540387544781
987 0.0173409339040518
988 0.0047364067286253
989 0.00044858708861284
990 0.0184638630598783
991 0.00170942663680762
992 0.000169367529451847
993 -0.000832423102110624
994 0.0274215377867222
995 0.00255991239100695
996 0.0012138489400968
997 0.000276958948234096
998 0.00424103438854218
999 0.000155480069224723
1000 0.00545631442219019
1001 0.000104538958112244
1002 0.00102530850563198
1003 0.00023472067550756
1004 0.016658753156662
1005 0.000782916496973485
1006 -0.000237843589275144
1007 0.0363663695752621
1008 0.00216966052539647
1009 0.00018990617536474
1010 0.00131719734054059
1011 0.00277060712687671
1012 -0.000135682057589293
1013 0.00577388424426317
1014 0.00272995606064796
1015 0.00350317591801286
1016 0.0345123186707497
1017 0.0020218116696924
1018 0.00106137688271701
1019 0.00285000749863684
1020 0.00181109819095582
1021 0.000783294555731118
1022 0.0170447714626789
1023 0.00341713055968285
1024 0.000907780311536044
1025 0.0163416657596827
1026 0.00449955929070711
1027 -0.000511315243784338
1028 0.0149647714570165
1029 0.00160564412362874
1030 -2.08427209145157e-05
1031 0.00461336690932512
1032 0.0034821939188987
1033 0.00528748612850904
1034 0.00687011471018195
1035 0.00120475946459919
1036 0.00392315862700343
1037 0.000488438468892127
1038 0.000555948936380446
1039 0.0063674203120172
1040 9.47335720411502e-05
1041 -0.000266320741502568
1042 0.00056430307449773
1043 0.00212023477070034
1044 0.00118144578300416
1045 0.00184640940278769
1046 0.00562872737646103
1047 -0.000116935560072307
1048 0.00355500727891922
1049 0.000105691564385779
1050 0.021160364151001
1051 0.00474801426753402
1052 0.00107150699477643
1053 0.00629253638908267
1054 0.0010892569553107
1055 0.000265676993876696
1056 0.00298780086450279
1057 0.00228539784438908
1058 0.0146628115326166
1059 0.00125279789790511
1060 -0.000343348190654069
1061 0.00171699491329491
1062 0.00424691149964929
1063 0.000374589115381241
1064 0.012387684546411
1065 0.00117522140499204
1066 0.00537385372444987
1067 0.00132769928313792
1068 0.002579360967502
1069 0.000181870345841162
1070 0.0011308774119243
1071 0.015586874447763
1072 0.00256515829823911
1073 6.33845120319165e-05
1074 0.00104314542841166
1075 0.000425597856519744
1076 0.00261958199553192
1077 0.00552655663341284
1078 0.000793893646914512
1079 -1.26576048842253e-06
1080 -0.000343092251569033
1081 0.00299825775437057
1082 0.00253126374445856
1083 0.00299052940681577
1084 0.000929810863453895
1085 0.00395057443529367
1086 0.000295797799481079
1087 0.000706604507286102
1088 0.00412755412980914
1089 0.00695713236927986
1090 0.0013626468135044
1091 0.00167277385480702
1092 0.0039558825083077
1093 0.00165703298989683
1094 0.00592126837000251
1095 0.00056981883244589
1096 0.0013710759812966
1097 0.00134393107146025
1098 0.0145287131890655
1099 0.00202672835439444
1100 0.000611603434663266
1101 0.00132958963513374
1102 0.00183527136687189
1103 -0.000391790003050119
1104 0.00197307206690311
1105 0.00406620604917407
1106 -4.95510175824165e-05
1107 0.0203966200351715
1108 0.00270424084737897
1109 0.0042959782294929
1110 0.00162691425066441
1111 0.000890992756467313
1112 0.00107225647661835
1113 0.000597837613895535
1114 0.0164228565990925
1115 -0.000253438047366217
1116 0.0164169948548079
1117 0.00161229562945664
1118 0.002862787572667
1119 0.00368643715046346
1120 0.00591812562197447
1121 0.00360272801481187
1122 0.00659619783982635
1123 0.000611809664405882
1124 0.0183603148907423
1125 0.00299814320169389
1126 0.00154184503480792
1127 0.00100086419843137
1128 0.00332275475375354
1129 0.0114230019971728
1130 0.00532853463664651
1131 0.00308664771728218
1132 0.00198807171545923
1133 0.00569496909156442
1134 0.00125866837333888
1135 0.00359705439768732
1136 0.0017283126944676
1137 0.00617054430767894
1138 0.0147652952000499
1139 0.00247897882945836
1140 0.00111433083657175
1141 0.00506700901314616
1142 0.00226265960372984
1143 -0.000202891926164739
1144 0.0145221492275596
1145 0.00416669389232993
1146 0.000721194373909384
1147 0.00225921859964728
1148 0.00643143756315112
1149 0.00245066732168198
1150 0.00455118343234062
1151 0.000434334448073059
1152 0.0266630947589874
1153 0.000948748376686126
1154 0.0208544433116913
1155 0.0019763910677284
1156 0.00309482286684215
1157 0.000242927155341022
1158 0.0193942189216614
1159 0.00160745123866946
1160 0.000694536545779556
1161 0.00388812716118991
1162 0.0139843495562673
1163 0.000684437633026391
1164 0.000360058445949107
1165 0.0286685470491648
1166 0.00336193153634667
1167 0.00143984879832715
1168 0.00469998782500625
1169 0.00439067278057337
1170 0.00480764172971249
1171 0.00119961320888251
1172 0.0222264155745506
1173 0.0285769458860159
1174 0.00251806317828596
1175 0.000711396744009107
1176 0.0181347038596869
1177 0.00218030181713402
1178 0.000927544839214534
1179 0.00109869486186653
1180 0.00607380410656333
1181 0.000775603228248656
1182 0.00180047412868589
1183 0.00457980204373598
1184 0.0012955853017047
1185 0.00191099813673645
1186 0.00153853977099061
1187 0.000710330903530121
1188 0.00765221891924739
1189 0.00151171523611993
1190 0.0222815256565809
1191 0.00198634224943817
1192 0.000364894338417798
1193 0.0273228175938129
1194 0.000451280182460323
1195 0.00223633693531156
1196 0.0173181183636189
1197 0.00300681963562965
1198 0.000788751931395382
1199 0.00779934367164969
1200 0.000810667872428894
1201 0.00215872540138662
1202 0.00158662837930024
1203 0.0093532158061862
1204 0.000698714808095247
1205 0.00469622761011124
1206 0.00367345451377332
1207 0.00846542324870825
1208 0.00218902225606143
1209 0.00561728281900287
1210 0.00225780415348709
1211 0.00178175698965788
1212 0.00974033959209919
1213 0.00185055041220039
1214 0.00701940432190895
1215 0.00332108954899013
1216 0.0109057128429413
1217 0.000993929803371429
1218 0.0051014288328588
1219 0.00509160850197077
1220 0.000405071128625423
1221 0.0024376877117902
1222 0.00297839799895883
1223 0.0050209010951221
1224 0.00162646104581654
1225 0.00227798894047737
1226 0.00768952816724777
1227 0.00795580167323351
1228 0.00205763173289597
1229 0.00706707825884223
1230 0.00597662711516023
1231 0.000152587002958171
1232 0.0062733949162066
1233 0.00074778770795092
1234 0.00545108038932085
1235 0.00248293299227953
1236 0.00172104814555496
1237 0.0102025372907519
1238 0.00336403329856694
1239 0.00623571174219251
1240 0.00710905948653817
1241 0.000984672573395073
1242 0.00723166018724442
1243 0.00233822106383741
1244 0.00525885121896863
1245 0.0020859285723418
1246 0.00677951937541366
1247 0.00384766981005669
1248 0.00114104046951979
1249 0.0217097662389278
1250 0.0135520342737436
1251 0.00683718547224998
1252 0.00274814548902214
1253 0.0238319616764784
1254 0.00278049148619175
1255 0.00329561159014702
1256 0.0108581930398941
1257 0.0013844242785126
1258 0.0098841143772006
1259 0.00666732946410775
1260 0.00144062528852373
1261 0.00588590512052178
1262 0.0025489660911262
1263 0.00383284850977361
1264 0.00176336651202291
1265 -0.000113384194264654
1266 0.00511130690574646
1267 0.0021609733812511
1268 0.00263216812163591
1269 0.00677847117185593
1270 0.00265740463510156
1271 0.00757569959387183
1272 0.00300716399215162
1273 0.0199542604386806
1274 0.00181069865357131
1275 0.00405500084161758
1276 0.0016817623982206
1277 0.00348411127924919
1278 0.00176976143848151
1279 0.00282161100767553
1280 0.0086354361847043
1281 0.00264231767505407
1282 0.000460476119769737
1283 0.00701407855376601
1284 0.00549956550821662
1285 0.0103141954168677
1286 0.00214151968248188
1287 0.00344586372375488
1288 0.0203288793563843
1289 0.00200874428264797
1290 0.00339228287339211
1291 0.000976095907390118
1292 0.0145257217809558
1293 0.0052521787583828
1294 0.00434903567656875
1295 0.00443923939019442
1296 0.00522738881409168
1297 0.00373375089839101
1298 0.00290013081394136
1299 0.00285466434434056
1300 0.0093366838991642
1301 0.00192271021660417
1302 0.00488063739612699
1303 0.00583080062642694
1304 0.00057311711134389
1305 0.031419713050127
1306 0.00378125091083348
1307 0.00465959450230002
1308 0.00421029701828957
1309 0.00657804263755679
1310 0.00383373047225177
1311 0.00561682833358645
1312 0.00173860031645745
1313 0.00192207959480584
1314 0.00884509366005659
1315 0.00390414195135236
1316 0.00165539537556469
1317 0.0106022255495191
1318 0.0185000132769346
1319 0.00504694320261478
1320 0.00260885222814977
1321 0.0105552347376943
1322 0.00409475667402148
1323 0.00376494228839874
1324 0.00449620839208364
1325 0.00744991702958941
1326 0.00139248580671847
1327 0.00265231472440064
1328 0.00721372151747346
1329 0.00639393506571651
1330 0.00906769279390574
1331 0.00851981248706579
1332 0.00211150851100683
1333 0.00343385129235685
1334 0.00274984166026115
1335 0.00376185635104775
1336 0.00263160723261535
1337 0.00490171322599053
1338 0.00578243006020784
1339 0.00232998817227781
1340 0.00404319912195206
1341 0.00980442389845848
1342 0.00250820233486593
1343 0.00570133281871676
1344 0.00329171121120453
1345 0.00534039735794067
1346 0.00294191320426762
1347 0.00520407408475876
1348 0.00880482140928507
1349 0.00863499194383621
1350 0.013256405480206
1351 0.00228222133591771
1352 0.00531492382287979
1353 0.0108605567365885
1354 0.00368642434477806
1355 0.00685334065929055
1356 0.00480808829888701
1357 0.00430307164788246
1358 0.00839120429009199
1359 0.00375134614296257
1360 0.00320350984111428
1361 0.00322558521293104
1362 0.00372836925089359
1363 0.0066941468976438
1364 0.0120084537193179
1365 0.00235221697948873
1366 0.00811645109206438
1367 0.00578411808237433
1368 0.00398077396675944
1369 0.00418142089620233
1370 0.00365132163278759
1371 0.00486610131338239
1372 0.0101013369858265
1373 0.00181795808020979
1374 0.00518676778301597
1375 0.0024244433734566
1376 0.00833864230662584
1377 0.00483236694708467
1378 0.00321039417758584
1379 0.010749320499599
1380 0.00397829571738839
1381 0.00912977382540703
1382 0.0129309324547648
1383 0.00298077776096761
1384 0.00591558823361993
1385 0.00343435374088585
1386 0.0032520757522434
1387 0.00675274152308702
1388 0.0076863500289619
1389 0.00828868430107832
1390 0.00872979965060949
1391 0.00519895646721125
1392 0.00275570852681994
1393 0.00284251174889505
1394 0.0101836761459708
1395 0.00194761238526553
1396 0.00974975805729628
1397 0.000807574891950935
1398 0.00328921573236585
1399 0.0105983018875122
1400 0.00225524487905204
1401 0.00513962004333735
1402 0.0196209382265806
1403 0.00651437789201736
1404 0.0129556255415082
1405 0.00279883178882301
1406 0.00341868028044701
1407 0.00693141156807542
1408 0.0178069900721312
1409 0.00816461350768805
1410 0.00285685947164893
1411 0.00138809031341225
1412 0.00114332779776305
1413 0.0062577873468399
1414 0.00347579526714981
1415 0.00739401811733842
1416 0.0181150529533625
1417 0.00424157129600644
1418 0.0119907036423683
1419 0.0116609558463097
1420 0.00793566089123487
1421 0.008607417345047
1422 0.00998040195554495
1423 0.00638222834095359
1424 0.00525693781673908
1425 0.0050904699601233
1426 0.00553745264187455
1427 0.00758540630340576
1428 0.00501222116872668
1429 0.00370637932792306
1430 0.00530899921432137
1431 0.00548313604667783
1432 0.00953099131584167
1433 0.0041129975579679
1434 0.00846756715327501
1435 0.00655703339725733
1436 0.013772520236671
1437 0.00999285932630301
1438 0.00531398830935359
1439 0.00755004305392504
1440 0.00451132049784064
1441 0.00604032119736075
1442 0.00218092533759773
1443 0.00592464627698064
1444 0.00391175551339984
1445 0.0157014112919569
1446 0.00981326308101416
1447 0.00282420916482806
1448 0.00692587066441774
1449 0.0101102907210588
1450 0.0114993723109365
1451 0.0221771523356438
1452 0.00770561024546623
1453 0.00366908311843872
1454 0.0119098238646984
1455 0.00371547951363027
1456 0.00252046925015748
1457 0.00607314705848694
1458 0.014437148347497
1459 0.00649428507313132
1460 0.00555703183636069
1461 0.00302503234706819
1462 0.0131714912131429
1463 0.0038298440631479
1464 0.00660132616758347
1465 0.00349831371568143
1466 0.00981092639267445
1467 0.00799753703176975
1468 0.00403383979573846
1469 0.00253586028702557
1470 0.0194473247975111
1471 0.00592669984325767
1472 0.00447700638324022
1473 0.00880177225917578
1474 0.00774206081405282
1475 0.00941705424338579
1476 0.00335272587835789
1477 0.0143078239634633
1478 0.00568717112764716
1479 0.00835105217993259
1480 0.00684708217158914
1481 0.00450496608391404
1482 0.0117683410644531
1483 0.0154826287180185
1484 0.0119979176670313
1485 0.021588996052742
1486 0.00562902400270104
1487 0.0125575484707952
1488 0.0116909360513091
1489 0.0108858598396182
1490 0.00311369402334094
1491 0.00558580411598086
1492 0.00866224057972431
1493 0.00964711420238018
1494 0.00812636688351631
1495 0.00509841227903962
1496 0.00687129516154528
1497 0.00670527294278145
1498 0.00465360516682267
1499 0.00938744284212589
1500 0.00351588055491447
1501 0.00754505023360252
1502 0.00360038666985929
1503 0.0315973833203316
1504 0.00350328208878636
1505 0.00241134758107364
1506 0.0182434916496277
1507 0.00441932585090399
1508 0.00485641276463866
1509 0.0131148649379611
1510 0.0110934479162097
1511 0.00651688501238823
1512 0.0072255777195096
1513 0.00366794434376061
1514 0.0173446573317051
1515 0.00354859977960587
1516 0.00497653475031257
1517 0.00852494686841965
1518 0.00259054242633283
1519 0.0366049595177174
1520 0.00605327682569623
1521 0.00755303353071213
1522 0.00255924020893872
1523 0.00781305786222219
1524 0.0171677302569151
1525 0.00769317476078868
1526 0.00371518661268055
1527 0.0097012110054493
1528 0.00641636131331325
1529 0.0219042152166367
1530 0.0236112345010042
1531 0.0268266927450895
1532 0.00202915701083839
1533 0.00740626594051719
1534 0.0175056103616953
1535 0.00351557671092451
1536 0.00344800180755556
1537 0.00312306405976415
1538 0.0062710209749639
1539 0.00327083258889616
1540 0.00817086827009916
1541 0.00493137678131461
1542 0.0201974716037512
1543 0.00809562858194113
1544 0.00513128004968166
1545 0.0141058592125773
1546 0.00768652325496078
1547 0.0064824209548533
1548 0.0117796985432506
1549 0.0054322206415236
1550 0.00933825504034758
1551 0.00534999696537852
1552 0.0126922177150846
1553 0.017236016690731
1554 0.00678947707638144
1555 0.011902904137969
1556 0.0109566990286112
1557 0.0150370700284839
1558 0.0141259087249637
1559 0.0108296992257237
1560 0.00590098230168223
1561 0.00461518904194236
1562 0.00996830593794584
1563 0.00974513497203588
1564 0.0360238365828991
1565 0.0148679120466113
1566 0.0261021293699741
1567 0.0195191483944654
1568 0.0343630015850067
1569 0.00427786726504564
1570 0.00936105754226446
1571 0.0120817292481661
1572 0.0212886538356543
1573 0.00706317368894815
1574 0.010136297903955
1575 0.00725237140432
1576 0.0134089011698961
1577 0.00234678643755615
1578 0.00322032952681184
1579 0.00475817266851664
1580 0.013462983071804
1581 0.00424074335023761
1582 0.01618567481637
1583 0.00258857919834554
1584 0.0143067957833409
1585 0.00598192308098078
1586 0.00872092694044113
1587 0.00560305966064334
1588 0.0133944423869252
1589 0.00801814813166857
1590 0.0149901928380132
1591 0.00380584457889199
1592 0.0131768500432372
1593 0.00884145218878984
1594 0.00402292143553495
1595 0.00348652945831418
1596 0.00310020078904927
1597 0.0157434325665236
1598 0.00308328191749752
1599 0.00343251670710742
1600 0.0064840423874557
1601 0.0169376600533724
1602 0.00609526876360178
1603 0.00472460081800818
1604 0.0051739439368248
1605 0.00893457233905792
1606 0.0020824521780014
1607 0.0111246118322015
1608 0.00299963587895036
1609 0.00201192335225642
1610 0.00412777252495289
1611 0.0279027801007032
1612 0.00847971346229315
1613 0.00670396303758025
1614 0.00672917533665895
1615 0.0103289783000946
1616 0.0072248624637723
1617 0.00545646296814084
1618 0.0106698172166944
1619 0.0093184681609273
1620 0.00840263999998569
1621 0.00607892824336886
1622 0.0118476338684559
1623 0.00615960033610463
1624 0.011293537914753
1625 0.00938932597637177
1626 0.00369871268048882
1627 0.00803313683718443
1628 0.00764770014211535
1629 0.00714303785935044
1630 0.0184979103505611
1631 0.00672932341694832
1632 0.00879068672657013
1633 0.0161797776818275
1634 0.00725417677313089
1635 0.0132276369258761
1636 0.00479923887178302
1637 0.0112781468778849
1638 0.00742286909371614
1639 0.0184933878481388
1640 0.0219655204564333
1641 0.00323592196218669
1642 0.00967230089008808
1643 0.010481464676559
1644 0.00881402101367712
1645 0.011054515838623
1646 0.0273080971091986
1647 0.0176990516483784
1648 0.0175977647304535
1649 0.00982898194342852
1650 0.00736641976982355
1651 0.00889631640166044
1652 0.0136998761445284
1653 0.00599903892725706
1654 0.0177085287868977
1655 0.00465445825830102
1656 0.00368269463069737
1657 0.0141533315181732
1658 0.0143673093989491
1659 0.00664176512509584
1660 0.0116133838891983
1661 0.00433796970173717
1662 0.00945337954908609
1663 0.0112848049029708
1664 0.0109593234956264
1665 0.0183734428137541
1666 0.00581399677321315
1667 0.0281350072473288
1668 0.0037910093087703
1669 0.00939868483692408
1670 0.0220429338514805
1671 0.0055564409121871
1672 0.00909338239580393
1673 0.027718449011445
1674 0.00710068503394723
1675 0.0215223766863346
1676 0.0258815828710794
1677 0.036863662302494
1678 0.00702978810295463
1679 0.00732415495440364
1680 0.00815507303923368
1681 0.0140792457386851
1682 0.0166343133896589
1683 0.0119893997907639
1684 0.0136511623859406
1685 0.0228200443089008
1686 0.016232043504715
1687 0.0128953652456403
1688 0.0167826395481825
1689 0.0113906813785434
1690 0.019104640930891
1691 0.0138717321678996
1692 0.0163334459066391
1693 0.0230113547295332
1694 0.0169131141155958
1695 0.0081235459074378
1696 0.0165891591459513
1697 0.00771631905809045
1698 0.00918446481227875
1699 0.0172734539955854
1700 0.00646995240822434
1701 0.00657251058146358
1702 0.00683310395106673
1703 0.012444794178009
1704 0.0229290202260017
1705 0.00830450840294361
1706 0.0159755740314722
1707 0.00907734502106905
1708 0.00843344628810883
1709 0.0210686828941107
1710 0.0157795902341604
1711 0.0223296657204628
1712 0.0267515275627375
1713 0.0278351455926895
1714 0.00684296479448676
1715 0.00792642310261726
1716 0.0252985712140799
1717 0.0133690107613802
1718 0.00821079593151808
1719 0.00797455105930567
1720 0.018668157979846
1721 0.0117342844605446
1722 0.0186282638460398
1723 0.0131961051374674
1724 0.00907233729958534
1725 0.00597782572731376
1726 0.00938792992383242
1727 0.0365911461412907
1728 0.00415916135534644
1729 0.0114813325926661
1730 0.00887026451528072
1731 0.0174193531274796
1732 0.0231635998934507
1733 0.00686469534412026
1734 0.0116993086412549
1735 0.0125219495967031
1736 0.0059828944504261
1737 0.0301937758922577
1738 0.00752609735354781
1739 0.00612093741074204
1740 0.00512696197256446
1741 0.0155080202966928
1742 0.0120014240965247
1743 0.00954712182283401
1744 0.0130607038736343
1745 0.0183313377201557
1746 0.0194725338369608
1747 0.00985389202833176
1748 0.00678499508649111
1749 0.0125396344810724
1750 0.0262487716972828
1751 0.0188416466116905
1752 0.0225928816944361
1753 0.00338475476019084
1754 0.0134988827630877
1755 0.00977810751646757
1756 0.0166143961250782
1757 0.0136623084545135
1758 0.015156957320869
1759 0.0207759980112314
1760 0.00916593056172132
1761 0.0073706628754735
1762 0.0193929113447666
1763 0.00976131297647953
1764 0.00858614128082991
1765 0.0122770154848695
1766 0.0209980644285679
1767 0.0141178909689188
1768 0.0148166297003627
1769 0.00922052562236786
1770 0.00731121329590678
1771 0.0191125571727753
1772 0.00715405633673072
1773 0.00805043615400791
1774 0.0075048329308629
1775 0.0152105232700706
1776 0.00672836927697062
1777 0.0069389664568007
1778 0.0119949048385024
1779 0.021882176399231
1780 0.0326942317187786
1781 0.0251951720565557
1782 0.0114367781206965
1783 0.0093137277290225
1784 0.0114293294027448
1785 0.0113062495365739
1786 0.0287830717861652
1787 0.0191022269427776
1788 0.0108514819294214
1789 0.0104615157470107
1790 0.00545312976464629
1791 0.0130743635818362
1792 0.00718840537592769
1793 0.0119472062215209
1794 0.0207058917731047
1795 0.00671594357118011
1796 0.00716288015246391
1797 0.0140289384871721
1798 0.00982796680182219
1799 0.0159110296517611
1800 0.0143774002790451
1801 0.0129094449803233
1802 0.0378262475132942
1803 0.033500250428915
1804 0.017419746145606
1805 0.0200343038886786
1806 0.0308767445385456
1807 0.0233295522630215
1808 0.00668445462360978
1809 0.0151920514181256
1810 0.0210102554410696
1811 0.0492717735469341
1812 0.0242293681949377
1813 0.0524488762021065
1814 0.0416321009397507
1815 0.0199378821998835
1816 0.0103554232046008
1817 0.0152062540873885
1818 0.00497726909816265
1819 0.0264271851629019
1820 0.0151596665382385
1821 0.0145772462710738
1822 0.00731853162869811
1823 0.00965703278779984
1824 0.0221519581973553
1825 0.00818518921732903
1826 0.0253302995115519
1827 0.0216313544660807
1828 0.00590919936075807
1829 0.0122663276270032
1830 0.00572501728311181
1831 0.0137784499675035
1832 0.0212233979254961
1833 0.0316055305302143
1834 0.0514219999313354
1835 0.0253017283976078
1836 0.0517331920564175
1837 0.0177258607000113
1838 0.0338215790688992
1839 0.0130523359403014
1840 0.0122674331068993
1841 0.0121162636205554
1842 0.00825248565524817
1843 0.00795019883662462
1844 0.00393359223380685
1845 0.0188220124691725
1846 0.0160404182970524
1847 0.0201928820461035
1848 0.00578467408195138
1849 0.00784401316195726
1850 0.0109756775200367
1851 0.00542078167200089
1852 0.0143751949071884
1853 0.00752722937613726
1854 0.0104403980076313
1855 0.00919513590633869
1856 0.0197967197746038
1857 0.0093437684699893
1858 0.0191182848066092
1859 0.00634089205414057
1860 0.0164740700274706
1861 0.0110280197113752
1862 0.0193289872258902
1863 0.0101968813687563
1864 0.0129057765007019
1865 0.00893285125494003
1866 0.00781579501926899
1867 0.00673846388235688
1868 0.0110356910154223
1869 0.018435949459672
1870 0.0183840300887823
1871 0.00892869103699923
1872 0.00918104965239763
1873 0.00623682700097561
1874 0.0479366295039654
1875 0.0183940194547176
1876 0.0294963717460632
1877 0.0164277739822865
1878 0.00931718852370977
1879 0.00945885945111513
1880 0.00719092646613717
1881 0.0373001806437969
1882 0.0112199187278748
1883 0.00952599197626114
1884 0.0195050537586212
1885 0.0105597833171487
1886 0.0178045909851789
1887 0.015272262506187
1888 0.0185671411454678
1889 0.0435660481452942
1890 0.00914917420595884
1891 0.0122895827516913
1892 0.00857965648174286
1893 0.0096780750900507
1894 0.00934550072997808
1895 0.0157933812588453
1896 0.0120245283469558
1897 0.012171171605587
1898 0.0258306004106998
1899 0.0177641063928604
1900 0.0127376792952418
1901 0.005669005215168
1902 0.0166912823915482
1903 0.0112926578149199
1904 0.0088431378826499
1905 0.0252892207354307
1906 0.0239299349486828
1907 0.0117185181006789
1908 0.0104072196409106
1909 0.0125721218064427
1910 0.0102939624339342
1911 0.0179647002369165
1912 0.0148927690461278
1913 0.0315982289612293
1914 0.00745602790266275
1915 0.0202117152512074
1916 0.0175045486539602
1917 0.00917148310691118
1918 0.0111993839964271
1919 0.0193666387349367
1920 0.0217678677290678
1921 0.0120075820013881
1922 0.0154269831255078
1923 0.0137056363746524
1924 0.018479248508811
1925 0.117802910506725
1926 0.0262859761714935
1927 0.0138152632862329
1928 0.0244329329580069
1929 0.00432387506589293
1930 0.0255544725805521
1931 0.0043717734515667
1932 0.0263913702219725
1933 0.010491912253201
1934 0.0145151037722826
1935 0.0139135345816612
1936 0.0109799290075898
1937 0.018881706520915
1938 0.0058768717572093
1939 0.014107957482338
1940 0.00922024995088577
1941 0.0428308434784412
1942 0.0107310554012656
1943 0.0177824050188065
1944 0.0215639676898718
1945 0.0222441330552101
1946 0.0167065560817719
1947 0.0194908212870359
1948 0.0139386747032404
1949 0.0136755127459764
1950 0.0166595187038183
1951 0.0336120799183846
1952 0.0196809116750956
1953 0.0255826767534018
1954 0.016760153695941
1955 0.0425529405474663
1956 0.0255599804222584
1957 0.0266617815941572
1958 0.0116080697625875
1959 0.00545893982052803
1960 0.0273584220558405
1961 0.0153119536116719
1962 0.0184042546898127
1963 0.0132873803377151
1964 0.0123292831704021
1965 0.00550876930356026
1966 0.00711552519351244
1967 0.0163211356848478
1968 0.0181326903402805
1969 0.0165327489376068
1970 0.0208500493317842
1971 0.0153743056580424
1972 0.00810333713889122
1973 0.011822335422039
1974 0.0163457300513983
1975 0.0187004394829273
1976 0.0160999689251184
1977 0.0172917898744345
1978 0.0335364267230034
1979 0.0171635206788778
1980 0.009862813167274
1981 0.0180285274982452
1982 0.0191018898040056
1983 0.0153570799157023
1984 0.0155177712440491
1985 0.010257906280458
1986 0.0110115604475141
1987 0.0118336090818048
1988 0.0248229596763849
1989 0.0188327934592962
1990 0.0187754780054092
1991 0.0232497733086348
1992 0.0169937666505575
1993 0.010517381131649
1994 0.0134467482566833
1995 0.0182305295020342
1996 0.0666424185037613
1997 0.0317045338451862
1998 0.0273784436285496
1999 0.0119919823482633
