0 0.0596250891685486
98304 0.00261562480591238
196608 -0.00427958695217967
294912 -0.00429798988625407
393216 -0.00361638003960252
491520 -0.00353583693504333
589824 -0.00285915448330343
688128 -0.00135205569677055
786432 -0.000994606292806566
884736 -0.000570409698411822
983040 -0.000529959390405566
1081344 -0.000398036936530843
1179648 0.00243181246332824
1277952 0.00495857512578368
1376256 0.00122922519221902
1474560 0.000192001272807829
1572864 -0.000395952170947567
1671168 0.000399087846744806
1769472 -0.000732435088139027
1867776 -0.00169258809182793
1966080 -0.00132863025646657
2064384 1.77327310666442e-05
2162688 -0.000310346484184265
2260992 -0.00196121167391539
2359296 -0.000690798100549728
2457600 -0.000659993325825781
2555904 0.00530375959351659
2654208 0.00163266842719167
2752512 -0.000768261030316353
2850816 -0.00375510496087372
2949120 -0.00175696692895144
3047424 0.000430183077696711
3145728 -0.00338035449385643
3244032 -0.00240978109650314
3342336 -0.00282610859721899
3440640 -0.00282902293838561
3538944 -0.00263854395598173
3637248 -0.00199810089543462
3735552 -0.0027088588103652
3833856 -0.00242405501194298
3932160 -0.00269321701489389
4030464 -0.00306602218188345
4128768 -0.00459474278613925
4227072 -0.0055369334295392
4325376 -0.00471029290929437
4423680 -0.0045728855766356
4521984 -0.00341397640295327
4620288 -0.00121519167441875
4718592 -0.00106569624040276
4816896 -0.00159770925529301
4915200 -0.00241770572029054
5013504 -0.00344804744236171
5111808 -0.00443964079022408
5210112 -0.00517230620607734
5308416 0.000340208876878023
5406720 -0.00397877674549818
5505024 -0.0043097953312099
5603328 0.00621844548732042
5701632 -0.000335955963237211
5799936 0.000932925380766392
5898240 -0.00012177257303847
5996544 -0.00255236960947514
6094848 -0.00328285037539899
6193152 0.0232686530798674
6291456 0.00510173290967941
6389760 0.00344560923986137
6488064 0.00147001794539392
6586368 -0.000777358014602214
6684672 -0.00221661361865699
6782976 -0.00164206221234053
6881280 -0.00203876313753426
6979584 0.00962207093834877
7077888 -0.000946045387536287
7176192 -0.00035635445965454
7274496 -0.0010039183543995
7372800 0.00920919515192509
7471104 -0.000914572679903358
7569408 0.00566984200850129
7667712 -0.000514014333020896
7766016 -0.00174526812043041
7864320 0.00915443804115057
7962624 -0.00110721495002508
8060928 0.00295478361658752
8159232 -0.00102182326372713
8257536 0.00413675373420119
8355840 -0.000351528549799696
8454144 -0.000251714198384434
8552448 -0.00147971604019403
8650752 -0.000695959141012281
8749056 -0.000698337040375918
8847360 -0.00127163936849684
8945664 -0.000962048245128244
9043968 -7.89954792708158e-05
9142272 -0.00132440903689712
9240576 0.00595248490571976
9338880 -0.00118645513430238
9437184 -0.00112979870755225
9535488 -0.00175927137024701
9633792 0.000531671685166657
9732096 -0.000894835218787193
9830400 -0.000336385302944109
9928704 -0.00110401422716677
10027008 -0.00175573327578604
10125312 -0.00192449695896357
10223616 0.00144008081406355
10321920 -0.00109148898627609
10420224 -0.000991431763395667
10518528 -0.000474780332297087
10616832 0.0021955945994705
10715136 -0.000942514219786972
10813440 -0.000742339470889419
10911744 0.00474174274131656
11010048 -0.00100392929743975
11108352 0.000822472095023841
11206656 -0.00131635263096541
11304960 0.000648464716505259
11403264 -0.000935892516281456
11501568 -0.0007494788733311
11599872 0.0012454743264243
11698176 0.000627169967629015
11796480 -0.000922424893360585
11894784 -0.000116027520562056
11993088 -0.00139778445009142
12091392 0.00709284609183669
12189696 0.00133508059661835
12288000 0.000565878988709301
12386304 -0.000438280490925536
12484608 -0.000926838256418705
12582912 0.000104094156995416
12681216 -0.000743294542189687
12779520 -0.000267144059762359
12877824 -0.000677152362186462
12976128 -0.00118340156041086
13074432 0.002803755691275
13172736 0.00103639054577798
13271040 -0.00107007694896311
13369344 -0.000842485518660396
13467648 0.0063830241560936
13565952 0.000151111205923371
13664256 -0.000823695678263903
13762560 0.000384803599445149
13860864 -0.000607791298534721
13959168 -0.00101553089916706
14057472 -0.000686563551425934
14155776 -0.000644351821392775
14254080 -0.000793700688518584
14352384 -0.000988667015917599
14450688 0.000866211601532996
14548992 -0.0013361923629418
14647296 -0.000634690106380731
14745600 -0.000113129339297302
14843904 -0.000919530284591019
14942208 -0.000917699770070612
15040512 -0.00103373406454921
15138816 -0.00078493042383343
15237120 0.0104890186339617
15335424 0.00137600349262357
15433728 -0.000785688578616828
15532032 2.85088553937385e-05
15630336 -0.000968369131442159
15728640 -0.000545621092896909
15826944 -0.000853852776344866
15925248 -0.000830108416266739
16023552 -0.00102023594081402
16121856 0.017467463389039
16220160 0.000128212326671928
16318464 -0.000721626391168684
16416768 -0.000776716158725321
16515072 -6.71959496685304e-05
16613376 -0.000175336870597675
16711680 -0.000848759373184294
16809984 7.85167358117178e-05
16908288 -0.000980179174803197
17006592 -0.000957505777478218
17104896 0.000384663901058957
17203200 -0.000386039726436138
17301504 -0.00107087229844183
17399808 -0.000797471439000219
17498112 -0.000820603396277875
17596416 0.00444052321836352
17694720 -0.000521554553415626
17793024 -0.000187146870302968
17891328 -0.000297073129331693
17989632 -0.000470821949420497
18087936 0.00136919924989343
18186240 -0.000910842441953719
18284544 -0.000746333156712353
18382848 -0.000857456296216697
18481152 -0.00039328247657977
18579456 -0.000316486257361248
18677760 -0.000345289678080007
18776064 -0.000745010387618095
18874368 0.00250529521144927
18972672 0.000319598242640495
19070976 -0.000184153075679205
19169280 -0.000616541714407504
19267584 -0.000293539109406993
19365888 -0.000996203976683319
19464192 -0.000965405080933124
19562496 -0.000686472863890231
19660800 -0.000258634885540232
19759104 -0.000876028381753713
19857408 2.78651725693635e-07
19955712 0.000781396578531712
20054016 -0.000458705326309428
20152320 -0.000846405338961631
20250624 0.00571888452395797
20348928 0.000114198752271477
20447232 -0.000109939675894566
20545536 -0.00106496165972203
20643840 0.00238821003586054
20742144 -0.000318920909194276
20840448 -0.000773290696088225
20938752 -0.000199223592062481
21037056 -0.00050991860916838
21135360 0.00456781033426523
21233664 3.72963513655122e-05
21331968 -0.000532099918927997
21430272 0.00283685512840748
21528576 -0.000799966452177614
21626880 0.000542610883712769
21725184 -0.000462025724118575
21823488 -0.00130374694708735
21921792 0.00026177623658441
22020096 -0.000789181620348245
22118400 -0.00012698900536634
22216704 -0.000967356550972909
22315008 0.00188682344742119
22413312 -0.000665359024424106
22511616 0.000781032489612699
22609920 0.000679565942846239
22708224 -0.000897691061254591
22806528 -0.00014770646521356
22904832 -0.000851313234306872
23003136 -0.00118826166726649
23101440 -0.000221732640056871
23199744 -0.000937586475629359
23298048 0.000497203029226512
23396352 -0.000580797379370779
23494656 0.00091497675748542
23592960 -0.000338951678713784
23691264 -0.000426750630140305
23789568 0.000149869461893104
23887872 -0.00085074407979846
23986176 -0.000195002416148782
24084480 -0.00105796754360199
24182784 0.00165965093765408
24281088 -0.000491258397232741
24379392 -0.000624798121862113
24477696 -0.000777792767621577
24576000 -0.00100713316351175
24674304 0.000496999535243958
24772608 -0.000689504842739552
24870912 -0.00044778743176721
24969216 0.000343488267390057
25067520 -0.000762895273510367
25165824 -0.000928390247281641
25264128 0.0107146119698882
25362432 0.000264275498921052
25460736 -0.000512476137373596
25559040 0.00246311747469008
25657344 -0.000267001072643325
25755648 -0.000564722053240985
25853952 -0.000929570291191339
25952256 -0.00052930845413357
26050560 0.00401017582044005
26148864 0.000303951383102685
26247168 -0.000107259584183339
26345472 -0.000941395002882928
26443776 0.00368890794925392
26542080 -0.000672488124109805
26640384 0.00070325325941667
26738688 -0.000504509487655014
26836992 1.73098414961714e-05
26935296 -0.000755318906158209
27033600 0.0146641749888659
27131904 0.000266948918579146
27230208 0.000606216432061046
27328512 -0.000960605626460165
27426816 0.00411239406093955
27525120 -0.000530671968590468
27623424 -0.000985176535323262
27721728 0.000154776455019601
27820032 -0.000807346601504833
27918336 -0.000422275945311412
28016640 -0.000963016995228827
28114944 0.000787895929533988
28213248 -0.00102050742134452
28311552 4.41301381215453e-05
28409856 -0.000937120465096086
28508160 0.00253981887362897
28606464 -0.000745219003874809
28704768 0.00259067094884813
28803072 -0.000911886047106236
28901376 -0.000904013228137046
28999680 0.000366718129953369
29097984 -0.000646319822408259
29196288 0.00212158588692546
29294592 0.000269509328063577
29392896 0.000141712371259928
29491200 -0.000858749088365585
29589504 -0.000305493362247944
29687808 -0.00120920198969543
29786112 0.00387961277738214
29884416 -0.000844451074954122
29982720 -0.000695109833031893
30081024 -0.00118806166574359
30179328 0.000240351262618788
30277632 -0.000756258494220674
30375936 -0.00112356466706842
30474240 -0.00155314861331135
30572544 -0.00111997441854328
30670848 0.000745317956898361
30769152 -0.00111278507392853
30867456 0.00156517548020929
30965760 -0.000188955295016058
31064064 -0.00114961306098849
31162368 -0.00137180194724351
31260672 -0.0013834061101079
31358976 0.00231868564151227
31457280 -0.000476468587294221
31555584 -0.000821972382254899
31653888 -0.000448574865004048
31752192 -0.000950206653214991
31850496 0.00256699393503368
31948800 -1.73543576238444e-05
32047104 -0.000137940427521244
32145408 -0.00101091631222516
32243712 0.00217481749132276
32342016 -0.00062582700047642
32440320 8.07767282822169e-05
32538624 -0.00062681152485311
32636928 -0.000807154923677444
32735232 0.00023776940361131
32833536 -0.000710643245838583
32931840 0.00160184339620173
33030144 5.32139119968633e-06
33128448 -0.000929290428757668
33226752 -0.00103963131550699
33325056 -0.000903831270989031
33423360 -0.000723760400433093
33521664 -0.00104374415241182
33619968 0.00401882408186793
33718272 -0.000506382610183209
33816576 0.000396390358218923
33914880 -0.000668380060233176
34013184 -0.00106242951005697
34111488 0.00163958582561463
34209792 -0.000680761120747775
34308096 -0.000488910067360848
34406400 -0.000831876415759325
34504704 -0.000969337881542742
34603008 0.0049060988239944
34701312 -0.000213191102375276
34799616 -0.000857069797348231
34897920 -0.000319378275889903
34996224 -0.000786241726018488
35094528 -0.000277364364592358
35192832 -0.000882153690326959
35291136 0.00586500996723771
35389440 0.000612968520727009
35487744 -0.00052383029833436
35586048 -0.00111867452505976
35684352 -0.000456697511253878
35782656 -0.00076137314317748
35880960 -0.000538577034603804
35979264 0.000725083402357996
36077568 -0.000960274774115533
36175872 -0.000702924386132509
36274176 -0.00137655425351113
36372480 0.0081647327169776
36470784 -3.04023742501158e-05
36569088 -0.000768018595408648
36667392 -0.000521013280376792
36765696 -0.00114112871233374
36864000 -0.00158433488104492
36962304 0.00535118067637086
37060608 -0.000615622207988054
37158912 -0.00109564035665244
37257216 0.000359817146090791
37355520 -0.000934734125621617
37453824 0.0129071939736605
37552128 -0.000305354595184326
37650432 -0.0010393054690212
37748736 -0.000644909858237952
37847040 -0.00103680754546076
37945344 0.00417184783145785
38043648 -0.000307571346638724
38141952 -0.00105697463732213
38240256 -0.000804615789093077
38338560 -0.000810359313618392
38436864 7.37668960937299e-05
38535168 -0.00114817707799375
38633472 0.00232681445777416
38731776 -0.000937711738515645
38830080 -0.000661139492876828
38928384 0.00366244162432849
39026688 -1.20121285362984e-05
39124992 -0.000838083040434867
39223296 -0.000809397839475423
39321600 0.00535314111039042
39419904 -0.000870440795551986
39518208 -0.000900259066838771
39616512 -0.000421941746026278
39714816 -0.00118857470806688
39813120 0.00312615628354251
39911424 -0.000905455846805125
40009728 0.00020264349586796
40108032 -0.000767022313084453
40206336 -0.000980128650553524
40304640 0.00668179709464312
40402944 -0.000357948563760146
40501248 -0.000215437365113758
40599552 -0.00111822737380862
40697856 0.0014362019719556
40796160 -0.000991250271908939
40894464 0.00804063212126493
40992768 9.22337640076876e-05
41091072 -0.000788340519648045
41189376 8.20648892840836e-06
41287680 -0.000704714097082615
41385984 -0.000140382719109766
41484288 -0.000706724065821618
41582592 -0.000137171926326118
41680896 -0.000976339739281684
41779200 -0.000267053692368791
41877504 -0.00126589916180819
41975808 0.000807635136879981
42074112 -0.000733650755137205
42172416 0.0024112758692354
42270720 -0.000301378400763497
42369024 -0.00079746637493372
42467328 0.0130424769595265
42565632 0.000715922098606825
42663936 -0.000442984513938427
42762240 -0.000544901646208018
42860544 0.0037974298465997
42958848 -0.000306593632558361
43057152 -0.00121931394096464
43155456 0.00196639052592218
43253760 -0.000768956553656608
43352064 0.000970173277892172
43450368 -0.00100827240385115
43548672 -0.00142527825664729
43646976 0.000106641091406345
43745280 -0.000568293617106974
43843584 0.0124261816963553
43941888 0.000519532186444849
44040192 -0.000411770684877411
44138496 0.00875397678464651
44236800 0.000214177925954573
44335104 -0.000881134357769042
44433408 0.00213182833977044
44531712 -2.31796889238467e-06
44630016 0.00169602897949517
44728320 -0.000613579002674669
44826624 -0.000396295741666108
44924928 -0.000756977999117225
45023232 -6.95829294272698e-05
45121536 -0.000746365578379482
45219840 0.000426644051913172
45318144 -0.000676597468554974
45416448 -0.000508029421325773
45514752 -0.00109921977855265
45613056 0.0006823455914855
45711360 -0.0011967223836109
45809664 0.000473034015158191
45907968 -0.000105167346191593
46006272 -0.00050180172547698
46104576 0.000781371665652841
46202880 -0.000511905469466001
46301184 3.30661423504353e-05
46399488 -0.000917621830012649
46497792 -0.000739266572054476
46596096 0.00192872807383537
46694400 -0.00057802617084235
46792704 0.000119633601570968
46891008 -0.000745164987165481
46989312 0.000189591941307299
47087616 -0.000550472817849368
47185920 0.00152662384789437
47284224 0.00732361478731036
47382528 -0.000480637798318639
47480832 -0.000712887034751475
47579136 -0.000994976609945297
47677440 -0.000634281255770475
47775744 -0.00115728506352752
47874048 -0.000793702725786716
47972352 -0.000972502690274268
48070656 0.00490558054298162
48168960 0.00047804182395339
48267264 -0.000556629034690559
48365568 -0.000673440925311297
48463872 0.000436820089817047
48562176 -0.000968487409409136
48660480 -2.43896629399387e-05
48758784 0.000693552137818187
48857088 -0.000279901549220085
48955392 -0.00113829807378352
49053696 0.0010350274387747
49152000 -0.000591703515965492
49250304 -0.00089112197747454
49348608 0.000482253642985597
49446912 -0.000578289851546288
49545216 0.00345827708952129
49643520 -0.00040247748256661
49741824 -0.000856942671816796
49840128 0.00252609490416944
49938432 -0.000683690479490906
50036736 -0.000738833216018975
50135040 -5.45927796338219e-05
50233344 -0.000422756857005879
50331648 -0.000395447015762329
50429952 -0.00123466667719185
50528256 0.0132214752957225
50626560 0.000387625623261556
50724864 -0.000146838836371899
50823168 2.80621475212683e-06
50921472 -0.000850321725010872
51019776 0.000675096118357033
51118080 -0.000519265420734882
51216384 -0.00117578613571823
51314688 0.00297566223889589
51412992 -0.000401017925469205
51511296 -0.000829229131340981
51609600 0.000489297264721245
51707904 0.000133554101921618
51806208 -0.0009715412161313
51904512 0.00470760371536016
52002816 0.000225453826715238
52101120 -0.00116279313806444
52199424 0.00357885961420834
52297728 0.000297649094136432
52396032 -0.000409668282372877
52494336 -0.00111195421777666
52592640 0.00216591032221913
52690944 -0.000577846192754805
52789248 -0.000608040427323431
52887552 -0.000660712481476367
52985856 -0.00126570940483361
53084160 0.000398183474317193
53182464 -0.000527569791302085
53280768 -0.000882668595295399
53379072 0.00815520994365215
53477376 0.000579781015403569
53575680 0.000232443941058591
53673984 -0.00103605876211077
53772288 1.08182430267334e-05
53870592 -0.000154307301272638
53968896 -0.00113441899884492
54067200 0.00160555529873818
54165504 -0.000529204902704805
54263808 -0.000753023778088391
54362112 0.00336928525939584
54460416 0.000410768494475633
54558720 0.000450503779575229
54657024 0.002141407225281
54755328 -8.34729798953049e-05
54853632 -0.000271974800853059
54951936 -0.000538907304871827
55050240 -0.00081937835784629
55148544 0.0022377350833267
55246848 -0.0010778697906062
55345152 -0.00109207560308278
55443456 0.00111039297189564
55541760 -0.00046190619468689
55640064 0.000248958269366995
55738368 -0.000852461846079677
55836672 0.00919714011251926
55934976 0.00111399765592068
56033280 -0.000239170156419277
56131584 0.0031150549184531
56229888 -0.000146862352266908
56328192 -0.0010556218912825
56426496 0.00661627342924476
56524800 -0.000488080841023475
56623104 -0.000609266746323556
56721408 -0.000744317891076207
56819712 -0.000426689453888685
56918016 -0.000324510416248813
57016320 -6.02752443228383e-05
57114624 -0.00113786722067744
57212928 0.00405757268890738
57311232 -0.000804668408818543
57409536 0.00772823998704553
57507840 -9.14778574951924e-05
57606144 -0.00101312866900116
57704448 -0.000928628724068403
57802752 0.013779160566628
57901056 -1.3324897736311e-05
57999360 -0.00022144075774122
58097664 -0.000861166510730982
58195968 -0.000237719897995703
58294272 -0.00104281108360738
58392576 -0.00110787607263774
58490880 0.000640327692963183
58589184 -0.000552574347238988
58687488 -1.50658188431407e-05
58785792 -0.000755475834012032
58884096 0.00428263237699866
58982400 2.3977388991625e-05
59080704 -2.79079195024678e-05
59179008 -0.000717091839760542
59277312 -0.000614094780758023
59375616 0.00381165044382215
59473920 -0.000539375469088554
59572224 -0.000509773206431419
59670528 -0.000357565731974319
59768832 -8.88038412085734e-05
59867136 -0.000822911155410111
59965440 0.00245313229970634
60063744 0.000719277188181877
60162048 0.000105850216641556
60260352 -0.00077988050179556
60358656 0.00674315541982651
60456960 0.000208418685360812
60555264 -8.2844497228507e-05
60653568 -0.000952948641497642
60751872 0.00274113472551107
60850176 -0.00066227262141183
60948480 -0.000999261974357069
61046784 0.00110016891267151
61145088 -0.000815306615550071
61243392 -0.000289430376142263
61341696 -0.00101496954448521
61440000 0.00185653462540358
61538304 -0.00055343407439068
61636608 -0.000768612546380609
61734912 -0.00125715392641723
61833216 -0.000776001892518252
61931520 0.00461249565705657
62029824 -0.000253702135523781
62128128 0.00245583965443075
62226432 -0.000371646339772269
62324736 -0.000957297103013843
62423040 0.00238344608806074
62521344 -0.000821807130705565
62619648 -0.00117157015483826
62717952 0.00503061059862375
62816256 -0.000671126530505717
62914560 -0.00085414742352441
63012864 -0.000641658145468682
63111168 -0.000550917524378747
63209472 0.00676896283403039
63307776 -0.000281751446891576
63406080 6.73771864967421e-05
63504384 -0.00110040977597237
63602688 0.000445128040155396
63700992 -0.000781153736170381
63799296 0.00192757358308882
63897600 -0.000609247596003115
63995904 0.00171661842614412
64094208 -0.000411055516451597
64192512 -0.00115889019798487
64290816 -0.00128951098304242
64389120 -0.000978288589976728
64487424 -0.00112548656761646
64585728 -0.000911446695681661
64684032 -0.000794861873146147
64782336 0.00308775925077498
64880640 -0.000172198662767187
64978944 -0.00046296589425765
65077248 -0.00123648287262768
65175552 -0.00125324004329741
65273856 0.00476200645789504
65372160 -8.0562946095597e-05
65470464 -0.00129769858904183
65568768 0.00536157609894872
65667072 -0.000282739958493039
65765376 -0.000978485913947225
65863680 -0.00025377722340636
65961984 -0.00100603350438178
66060288 0.0024927482008934
66158592 -0.00087514566257596
66256896 0.00332170352339745
66355200 -0.000460620591184124
66453504 -0.000357818411430344
66551808 -0.00161995401140302
66650112 0.012604164890945
66748416 0.00176528084557503
66846720 0.00102669035550207
66945024 -0.000652375107165426
67043328 -0.000889727845788002
67141632 -0.000701153476256877
67239936 -0.000636858807411045
67338240 -0.000798828550614417
67436544 -0.000272047909675166
67534848 -0.00101299583911896
67633152 -0.000723464414477348
67731456 0.000307555950712413
67829760 0.000129336680402048
67928064 0.000860712898429483
68026368 -0.000786142714787275
68124672 -0.000678665761370212
68222976 0.00527297100052238
68321280 0.000150151186971925
68419584 -0.00101932825054973
68517888 0.000433176843216643
68616192 -0.000800349225755781
68714496 0.00932891573756933
68812800 0.00211970577947795
68911104 3.74928131350316e-05
69009408 -0.00114183058030903
69107712 -0.000787103723268956
69206016 6.06595094723161e-05
69304320 -0.00059148803120479
69402624 -0.00100702501367778
69500928 -0.00125026842579246
69599232 0.0113200396299362
69697536 9.33667397475801e-05
69795840 -0.000755777407903224
69894144 -0.000655463139992207
69992448 -0.000323563348501921
70090752 0.00849782954901457
70189056 0.00076649768743664
70287360 -0.000474619038868695
70385664 -0.000411136745242402
70483968 0.0139517961069942
70582272 -0.000452969135949388
70680576 -0.000564998132176697
70778880 -0.000813782797195017
70877184 0.00267408951185644
70975488 -3.14671560772695e-05
71073792 -0.00114480254705995
71172096 0.000636626209598035
71270400 -0.000484728720039129
71368704 -0.00088702974608168
71467008 0.00491122016683221
71565312 -0.000866594375111163
71663616 0.00156760832760483
71761920 -0.000410070380894467
71860224 -0.000218808258068748
71958528 -0.000160366209456697
72056832 -0.00093864876544103
72155136 0.0018574841087684
72253440 -0.00116759596858174
72351744 -0.00145379430614412
72450048 -0.000973183836322278
72548352 0.00129487027879804
72646656 -0.000492749968543649
72744960 0.000980344600975513
72843264 0.000958208926022053
72941568 -0.000957457930780947
73039872 0.00582537800073624
73138176 -2.43676367972512e-05
73236480 -0.000632480252534151
73334784 0.0127055272459984
73433088 0.000887685571797192
73531392 -0.00051001226529479
73629696 -0.001079605310224
73728000 -0.000804997223895043
73826304 0.000253973819781095
73924608 -0.000645416846964508
74022912 0.0018189427210018
74121216 -0.000640927290078253
74219520 -0.000132751752971672
74317824 -0.000375053292373195
74416128 -0.000449326558737084
74514432 0.000589992385357618
74612736 -0.000774106534663588
74711040 0.0126592041924596
74809344 0.00217148964293301
74907648 -0.000222137197852135
75005952 -0.00105764833278954
75104256 0.00076497218105942
75202560 0.00391138903796673
75300864 -1.89531601790804e-05
75399168 0.00184357783291489
75497472 -0.00103051529731601
75595776 0.00886756367981434
75694080 0.000402457459131256
75792384 -0.000727574166376144
75890688 0.00251101958565414
75988992 -0.000831460230983794
76087296 0.00462782802060246
76185600 -0.000414731301134452
76283904 0.00471280515193939
76382208 0.000132992674480192
76480512 -0.000339624297339469
76578816 -0.00073339615482837
76677120 0.00189003755804151
76775424 -0.000622255844064057
76873728 -0.000551713455934078
76972032 -0.00050446082605049
77070336 0.00538849178701639
77168640 -0.000500919006299227
77266944 -0.000412901601521298
77365248 0.00038215221138671
77463552 0.0105916876345873
77561856 -0.000656617514323443
77660160 -0.00019544102542568
77758464 -0.00102494924794883
77856768 0.0170467346906662
77955072 0.00641871942207217
78053376 0.00339646684005857
78151680 0.0015286166453734
78249984 -0.00100537051912397
78348288 0.00193554034922272
78446592 -0.000829591881483793
78544896 -0.000459170056274161
78643200 0.00443812599405646
78741504 0.000384191574994475
78839808 -0.000611999828834087
78938112 0.00499076768755913
79036416 -0.000303048640489578
79134720 -0.000536469276994467
79233024 0.00179317151196301
79331328 8.2471058703959e-05
79429632 0.000490884704049677
79527936 0.00181745924055576
79626240 0.0142152728512883
79724544 0.00312968529760838
79822848 0.00247161719016731
79921152 0.000660014513414353
80019456 -0.000139876647153869
80117760 -0.000104399958217982
80216064 0.00269679096527398
80314368 -0.000651169510092586
80412672 0.00403806939721107
80510976 0.000686557614244521
80609280 -0.000713373243343085
80707584 0.000711169675923884
80805888 -0.00105863146018237
80904192 -0.000502402719575912
81002496 0.000184544551302679
81100800 0.00682366220280528
81199104 -0.000476961315143853
81297408 0.000977938063442707
81395712 0.00188521074596792
81494016 0.000708804582245648
81592320 -0.000864948786329478
81690624 0.000691042863763869
81788928 -0.000128711573779583
81887232 -0.000197259243577719
81985536 0.00588348554447293
82083840 0.0011400340590626
82182144 -0.000533280603121966
82280448 0.00142846431117505
82378752 -0.000306122470647097
82477056 -0.000370604044292122
82575360 0.00171170313842595
82673664 0.0085372356697917
82771968 -0.00088256731396541
82870272 0.00982298515737057
82968576 0.00017534704238642
83066880 0.000748846970964223
83165184 -0.000237264190218411
83263488 -0.000341672654030845
83361792 0.00360220903530717
83460096 -0.000854349229484797
83558400 0.0171827506273985
83656704 0.00236947392113507
83755008 -0.000534214719664305
83853312 0.000803127826657146
83951616 0.000379333272576332
84049920 -0.000558929110411555
84148224 0.00705932220444083
84246528 -6.20377977611497e-05
84344832 -0.00123312033247203
84443136 0.000695177935995162
84541440 -0.000893848657142371
84639744 0.00519816391170025
84738048 -0.000181282128323801
84836352 0.000651627953629941
84934656 -0.000566295988392085
85032960 0.00372270424850285
85131264 -0.000295418984023854
85229568 0.00519226305186749
85327872 0.000646071799565107
85426176 0.00148902123328298
85524480 -0.000663500104565173
85622784 0.00103533978108317
85721088 -0.000616590667050332
85819392 0.0053261867724359
85917696 0.000946409185416996
86016000 0.0120568256825209
86114304 0.00141106802038848
86212608 0.000267699564574286
86310912 0.00306312344036996
86409216 0.000169216189533472
86507520 -0.00104792998172343
86605824 0.00590113876387477
86704128 0.00057113787624985
86802432 -0.00117176899220794
86900736 0.0109557257965207
86999040 0.00081849581329152
87097344 0.00118013122119009
87195648 0.000433728011557832
87293952 0.0081169530749321
87392256 -0.00022039758914616
87490560 -0.000716794223990291
87588864 0.0010378307197243
87687168 0.00175823166500777
87785472 -9.35147763811983e-05
87883776 0.0105899712070823
87982080 -0.000111660643597133
88080384 0.0105235669761896
88178688 -5.51489429199137e-05
88276992 0.000231949059525505
88375296 0.00740920752286911
88473600 0.000136394330183975
88571904 -0.000474250497063622
88670208 0.00288066710345447
88768512 -0.000359934871084988
88866816 0.000696123228408396
88965120 0.00993505120277405
89063424 0.000488602265249938
89161728 0.000374672847101465
89260032 0.000652355025522411
89358336 0.00199938588775694
89456640 0.00131252827122808
89554944 -0.000242277150391601
89653248 0.00139522668905556
89751552 0.00980654079467058
89849856 0.000602124840952456
89948160 0.000299526436720043
90046464 0.00113170337863266
90144768 0.00028140630456619
90243072 7.74356522015296e-05
90341376 0.000466070137917995
90439680 0.000911792565602809
90537984 -0.000966374005656689
90636288 0.0343039110302925
90734592 0.00201755366288126
90832896 -9.98213436105289e-05
90931200 0.00190889870282263
91029504 0.00269607431255281
91127808 0.0022087327670306
91226112 0.000883554108440876
91324416 0.00911223422735929
91422720 0.00121272320393473
91521024 5.93697659496684e-05
91619328 3.66178828699049e-05
91717632 0.00402862345799804
91815936 6.63478422211483e-05
91914240 -0.000422104087192565
92012544 0.0154801486060023
92110848 0.00101100408937782
92209152 -0.000864013680256903
92307456 0.00163334480021149
92405760 -2.80271760857431e-05
92504064 0.00294508226215839
92602368 0.0210158303380013
92700672 0.0048199868761003
92798976 0.000152136592078023
92897280 0.00339164584875107
92995584 0.000221996670006774
93093888 -0.000332259194692597
93192192 0.0146795306354761
93290496 0.000576791178900748
93388800 -0.00060712912818417
93487104 -0.000626688764896244
93585408 0.00431267032399774
93683712 0.000901857682038099
93782016 0.0330992862582207
93880320 0.00138047826476395
93978624 0.000329381320625544
94076928 -0.000633143121376634
94175232 0.0159231703728437
94273536 0.00230874470435083
94371840 -0.000331022165482864
94470144 0.00505952024832368
94568448 0.0013904549414292
94666752 0.000354437535861507
94765056 0.00616364134475589
94863360 -8.08861150289886e-05
94961664 -0.000699475407600403
95059968 0.00795944314450026
95158272 0.00127007067203522
95256576 -0.000235373736359179
95354880 -0.000656876887660474
95453184 -0.000531632045749575
95551488 0.018129538744688
95649792 0.00337424874305725
95748096 0.000361838756361976
95846400 0.00298460875637829
95944704 0.0166096743196249
96043008 0.000803280563559383
96141312 0.0157642289996147
96239616 0.00238003092817962
96337920 -0.000436883245129138
96436224 0.00663119927048683
96534528 0.000537031271960586
96632832 -0.000323792221024632
96731136 0.000644723535515368
96829440 -0.00058540387544781
96927744 0.0173409339040518
97026048 0.0047364067286253
97124352 0.00044858708861284
97222656 0.0184638630598783
97320960 0.00170942663680762
97419264 0.000169367529451847
97517568 -0.000832423102110624
97615872 0.0274215377867222
97714176 0.00255991239100695
97812480 0.0012138489400968
97910784 0.000276958948234096
98009088 0.00424103438854218
98107392 0.000155480069224723
98205696 0.00545631442219019
98304000 0.000104538958112244
98402304 0.00102530850563198
98500608 0.00023472067550756
98598912 0.016658753156662
98697216 0.000782916496973485
98795520 -0.000237843589275144
98893824 0.0363663695752621
98992128 0.00216966052539647
99090432 0.00018990617536474
99188736 0.00131719734054059
99287040 0.00277060712687671
99385344 -0.000135682057589293
99483648 0.00577388424426317
99581952 0.00272995606064796
99680256 0.00350317591801286
99778560 0.0345123186707497
99876864 0.0020218116696924
99975168 0.00106137688271701
100073472 0.00285000749863684
100171776 0.00181109819095582
100270080 0.000783294555731118
100368384 0.0170447714626789
100466688 0.00341713055968285
100564992 0.000907780311536044
100663296 0.0163416657596827
100761600 0.00449955929070711
100859904 -0.000511315243784338
100958208 0.0149647714570165
101056512 0.00160564412362874
101154816 -2.08427209145157e-05
101253120 0.00461336690932512
101351424 0.0034821939188987
101449728 0.00528748612850904
101548032 0.00687011471018195
101646336 0.00120475946459919
101744640 0.00392315862700343
101842944 0.000488438468892127
101941248 0.000555948936380446
102039552 0.0063674203120172
102137856 9.47335720411502e-05
102236160 -0.000266320741502568
102334464 0.00056430307449773
102432768 0.00212023477070034
102531072 0.00118144578300416
102629376 0.00184640940278769
102727680 0.00562872737646103
102825984 -0.000116935560072307
102924288 0.00355500727891922
103022592 0.000105691564385779
103120896 0.021160364151001
103219200 0.00474801426753402
103317504 0.00107150699477643
103415808 0.00629253638908267
103514112 0.0010892569553107
103612416 0.000265676993876696
103710720 0.00298780086450279
103809024 0.00228539784438908
103907328 0.0146628115326166
104005632 0.00125279789790511
104103936 -0.000343348190654069
104202240 0.00171699491329491
104300544 0.00424691149964929
104398848 0.000374589115381241
104497152 0.012387684546411
104595456 0.00117522140499204
104693760 0.00537385372444987
104792064 0.00132769928313792
104890368 0.002579360967502
104988672 0.000181870345841162
105086976 0.0011308774119243
105185280 0.015586874447763
105283584 0.00256515829823911
105381888 6.33845120319165e-05
105480192 0.00104314542841166
105578496 0.000425597856519744
105676800 0.00261958199553192
105775104 0.00552655663341284
105873408 0.000793893646914512
105971712 -1.26576048842253e-06
106070016 -0.000343092251569033
106168320 0.00299825775437057
106266624 0.00253126374445856
106364928 0.00299052940681577
106463232 0.000929810863453895
106561536 0.00395057443529367
106659840 0.000295797799481079
106758144 0.000706604507286102
106856448 0.00412755412980914
106954752 0.00695713236927986
107053056 0.0013626468135044
107151360 0.00167277385480702
107249664 0.0039558825083077
107347968 0.00165703298989683
107446272 0.00592126837000251
107544576 0.00056981883244589
107642880 0.0013710759812966
107741184 0.00134393107146025
107839488 0.0145287131890655
107937792 0.00202672835439444
108036096 0.000611603434663266
108134400 0.00132958963513374
108232704 0.00183527136687189
108331008 -0.000391790003050119
108429312 0.00197307206690311
108527616 0.00406620604917407
108625920 -4.95510175824165e-05
108724224 0.0203966200351715
108822528 0.00270424084737897
108920832 0.0042959782294929
109019136 0.00162691425066441
109117440 0.000890992756467313
109215744 0.00107225647661835
109314048 0.000597837613895535
109412352 0.0164228565990925
109510656 -0.000253438047366217
109608960 0.0164169948548079
109707264 0.00161229562945664
109805568 0.002862787572667
109903872 0.00368643715046346
110002176 0.00591812562197447
110100480 0.00360272801481187
110198784 0.00659619783982635
110297088 0.000611809664405882
110395392 0.0183603148907423
110493696 0.00299814320169389
110592000 0.00154184503480792
110690304 0.00100086419843137
110788608 0.00332275475375354
110886912 0.0114230019971728
110985216 0.00532853463664651
111083520 0.00308664771728218
111181824 0.00198807171545923
111280128 0.00569496909156442
111378432 0.00125866837333888
111476736 0.00359705439768732
111575040 0.0017283126944676
111673344 0.00617054430767894
111771648 0.0147652952000499
111869952 0.00247897882945836
111968256 0.00111433083657175
112066560 0.00506700901314616
112164864 0.00226265960372984
112263168 -0.000202891926164739
112361472 0.0145221492275596
112459776 0.00416669389232993
112558080 0.000721194373909384
112656384 0.00225921859964728
112754688 0.00643143756315112
112852992 0.00245066732168198
112951296 0.00455118343234062
113049600 0.000434334448073059
113147904 0.0266630947589874
113246208 0.000948748376686126
113344512 0.0208544433116913
113442816 0.0019763910677284
113541120 0.00309482286684215
113639424 0.000242927155341022
113737728 0.0193942189216614
113836032 0.00160745123866946
113934336 0.000694536545779556
114032640 0.00388812716118991
114130944 0.0139843495562673
114229248 0.000684437633026391
114327552 0.000360058445949107
114425856 0.0286685470491648
114524160 0.00336193153634667
114622464 0.00143984879832715
114720768 0.00469998782500625
114819072 0.00439067278057337
114917376 0.00480764172971249
115015680 0.00119961320888251
115113984 0.0222264155745506
115212288 0.0285769458860159
115310592 0.00251806317828596
115408896 0.000711396744009107
115507200 0.0181347038596869
115605504 0.00218030181713402
115703808 0.000927544839214534
115802112 0.00109869486186653
115900416 0.00607380410656333
115998720 0.000775603228248656
116097024 0.00180047412868589
116195328 0.00457980204373598
116293632 0.0012955853017047
116391936 0.00191099813673645
116490240 0.00153853977099061
116588544 0.000710330903530121
116686848 0.00765221891924739
116785152 0.00151171523611993
116883456 0.0222815256565809
116981760 0.00198634224943817
117080064 0.000364894338417798
117178368 0.0273228175938129
117276672 0.000451280182460323
117374976 0.00223633693531156
117473280 0.0173181183636189
117571584 0.00300681963562965
117669888 0.000788751931395382
117768192 0.00779934367164969
117866496 0.000810667872428894
117964800 0.00215872540138662
118063104 0.00158662837930024
118161408 0.0093532158061862
118259712 0.000698714808095247
118358016 0.00469622761011124
118456320 0.00367345451377332
118554624 0.00846542324870825
118652928 0.00218902225606143
118751232 0.00561728281900287
118849536 0.00225780415348709
118947840 0.00178175698965788
119046144 0.00974033959209919
119144448 0.00185055041220039
119242752 0.00701940432190895
119341056 0.00332108954899013
119439360 0.0109057128429413
119537664 0.000993929803371429
119635968 0.0051014288328588
119734272 0.00509160850197077
119832576 0.000405071128625423
119930880 0.0024376877117902
120029184 0.00297839799895883
120127488 0.0050209010951221
120225792 0.00162646104581654
120324096 0.00227798894047737
120422400 0.00768952816724777
120520704 0.00795580167323351
120619008 0.00205763173289597
120717312 0.00706707825884223
120815616 0.00597662711516023
120913920 0.000152587002958171
121012224 0.0062733949162066
121110528 0.00074778770795092
121208832 0.00545108038932085
121307136 0.00248293299227953
121405440 0.00172104814555496
121503744 0.0102025372907519
121602048 0.00336403329856694
121700352 0.00623571174219251
121798656 0.00710905948653817
121896960 0.000984672573395073
121995264 0.00723166018724442
122093568 0.00233822106383741
122191872 0.00525885121896863
122290176 0.0020859285723418
122388480 0.00677951937541366
122486784 0.00384766981005669
122585088 0.00114104046951979
122683392 0.0217097662389278
122781696 0.0135520342737436
122880000 0.00683718547224998
122978304 0.00274814548902214
123076608 0.0238319616764784
123174912 0.00278049148619175
123273216 0.00329561159014702
123371520 0.0108581930398941
123469824 0.0013844242785126
123568128 0.0098841143772006
123666432 0.00666732946410775
123764736 0.00144062528852373
123863040 0.00588590512052178
123961344 0.0025489660911262
124059648 0.00383284850977361
124157952 0.00176336651202291
124256256 -0.000113384194264654
124354560 0.00511130690574646
124452864 0.0021609733812511
124551168 0.00263216812163591
124649472 0.00677847117185593
124747776 0.00265740463510156
124846080 0.00757569959387183
124944384 0.00300716399215162
125042688 0.0199542604386806
125140992 0.00181069865357131
125239296 0.00405500084161758
125337600 0.0016817623982206
125435904 0.00348411127924919
125534208 0.00176976143848151
125632512 0.00282161100767553
125730816 0.0086354361847043
125829120 0.00264231767505407
125927424 0.000460476119769737
126025728 0.00701407855376601
126124032 0.00549956550821662
126222336 0.0103141954168677
126320640 0.00214151968248188
126418944 0.00344586372375488
126517248 0.0203288793563843
126615552 0.00200874428264797
126713856 0.00339228287339211
126812160 0.000976095907390118
126910464 0.0145257217809558
127008768 0.0052521787583828
127107072 0.00434903567656875
127205376 0.00443923939019442
127303680 0.00522738881409168
127401984 0.00373375089839101
127500288 0.00290013081394136
127598592 0.00285466434434056
127696896 0.0093366838991642
127795200 0.00192271021660417
127893504 0.00488063739612699
127991808 0.00583080062642694
128090112 0.00057311711134389
128188416 0.031419713050127
128286720 0.00378125091083348
128385024 0.00465959450230002
128483328 0.00421029701828957
128581632 0.00657804263755679
128679936 0.00383373047225177
128778240 0.00561682833358645
128876544 0.00173860031645745
128974848 0.00192207959480584
129073152 0.00884509366005659
129171456 0.00390414195135236
129269760 0.00165539537556469
129368064 0.0106022255495191
129466368 0.0185000132769346
129564672 0.00504694320261478
129662976 0.00260885222814977
129761280 0.0105552347376943
129859584 0.00409475667402148
129957888 0.00376494228839874
130056192 0.00449620839208364
130154496 0.00744991702958941
130252800 0.00139248580671847
130351104 0.00265231472440064
130449408 0.00721372151747346
130547712 0.00639393506571651
130646016 0.00906769279390574
130744320 0.00851981248706579
130842624 0.00211150851100683
130940928 0.00343385129235685
131039232 0.00274984166026115
131137536 0.00376185635104775
131235840 0.00263160723261535
131334144 0.00490171322599053
131432448 0.00578243006020784
131530752 0.00232998817227781
131629056 0.00404319912195206
131727360 0.00980442389845848
131825664 0.00250820233486593
131923968 0.00570133281871676
132022272 0.00329171121120453
132120576 0.00534039735794067
132218880 0.00294191320426762
132317184 0.00520407408475876
132415488 0.00880482140928507
132513792 0.00863499194383621
132612096 0.013256405480206
132710400 0.00228222133591771
132808704 0.00531492382287979
132907008 0.0108605567365885
133005312 0.00368642434477806
133103616 0.00685334065929055
133201920 0.00480808829888701
133300224 0.00430307164788246
133398528 0.00839120429009199
133496832 0.00375134614296257
133595136 0.00320350984111428
133693440 0.00322558521293104
133791744 0.00372836925089359
133890048 0.0066941468976438
133988352 0.0120084537193179
134086656 0.00235221697948873
134184960 0.00811645109206438
134283264 0.00578411808237433
134381568 0.00398077396675944
134479872 0.00418142089620233
134578176 0.00365132163278759
134676480 0.00486610131338239
134774784 0.0101013369858265
134873088 0.00181795808020979
134971392 0.00518676778301597
135069696 0.0024244433734566
135168000 0.00833864230662584
135266304 0.00483236694708467
135364608 0.00321039417758584
135462912 0.010749320499599
135561216 0.00397829571738839
135659520 0.00912977382540703
135757824 0.0129309324547648
135856128 0.00298077776096761
135954432 0.00591558823361993
136052736 0.00343435374088585
136151040 0.0032520757522434
136249344 0.00675274152308702
136347648 0.0076863500289619
136445952 0.00828868430107832
136544256 0.00872979965060949
136642560 0.00519895646721125
136740864 0.00275570852681994
136839168 0.00284251174889505
136937472 0.0101836761459708
137035776 0.00194761238526553
137134080 0.00974975805729628
137232384 0.000807574891950935
137330688 0.00328921573236585
137428992 0.0105983018875122
137527296 0.00225524487905204
137625600 0.00513962004333735
137723904 0.0196209382265806
137822208 0.00651437789201736
137920512 0.0129556255415082
138018816 0.00279883178882301
138117120 0.00341868028044701
138215424 0.00693141156807542
138313728 0.0178069900721312
138412032 0.00816461350768805
138510336 0.00285685947164893
138608640 0.00138809031341225
138706944 0.00114332779776305
138805248 0.0062577873468399
138903552 0.00347579526714981
139001856 0.00739401811733842
139100160 0.0181150529533625
139198464 0.00424157129600644
139296768 0.0119907036423683
139395072 0.0116609558463097
139493376 0.00793566089123487
139591680 0.008607417345047
139689984 0.00998040195554495
139788288 0.00638222834095359
139886592 0.00525693781673908
139984896 0.0050904699601233
140083200 0.00553745264187455
140181504 0.00758540630340576
140279808 0.00501222116872668
140378112 0.00370637932792306
140476416 0.00530899921432137
140574720 0.00548313604667783
140673024 0.00953099131584167
140771328 0.0041129975579679
140869632 0.00846756715327501
140967936 0.00655703339725733
141066240 0.013772520236671
141164544 0.00999285932630301
141262848 0.00531398830935359
141361152 0.00755004305392504
141459456 0.00451132049784064
141557760 0.00604032119736075
141656064 0.00218092533759773
141754368 0.00592464627698064
141852672 0.00391175551339984
141950976 0.0157014112919569
142049280 0.00981326308101416
142147584 0.00282420916482806
142245888 0.00692587066441774
142344192 0.0101102907210588
142442496 0.0114993723109365
142540800 0.0221771523356438
142639104 0.00770561024546623
142737408 0.00366908311843872
142835712 0.0119098238646984
142934016 0.00371547951363027
143032320 0.00252046925015748
143130624 0.00607314705848694
143228928 0.014437148347497
143327232 0.00649428507313132
143425536 0.00555703183636069
143523840 0.00302503234706819
143622144 0.0131714912131429
143720448 0.0038298440631479
143818752 0.00660132616758347
143917056 0.00349831371568143
144015360 0.00981092639267445
144113664 0.00799753703176975
144211968 0.00403383979573846
144310272 0.00253586028702557
144408576 0.0194473247975111
144506880 0.00592669984325767
144605184 0.00447700638324022
144703488 0.00880177225917578
144801792 0.00774206081405282
144900096 0.00941705424338579
144998400 0.00335272587835789
145096704 0.0143078239634633
145195008 0.00568717112764716
145293312 0.00835105217993259
145391616 0.00684708217158914
145489920 0.00450496608391404
145588224 0.0117683410644531
145686528 0.0154826287180185
145784832 0.0119979176670313
145883136 0.021588996052742
145981440 0.00562902400270104
146079744 0.0125575484707952
146178048 0.0116909360513091
146276352 0.0108858598396182
146374656 0.00311369402334094
146472960 0.00558580411598086
146571264 0.00866224057972431
146669568 0.00964711420238018
146767872 0.00812636688351631
146866176 0.00509841227903962
146964480 0.00687129516154528
147062784 0.00670527294278145
147161088 0.00465360516682267
147259392 0.00938744284212589
147357696 0.00351588055491447
147456000 0.00754505023360252
147554304 0.00360038666985929
147652608 0.0315973833203316
147750912 0.00350328208878636
147849216 0.00241134758107364
147947520 0.0182434916496277
148045824 0.00441932585090399
148144128 0.00485641276463866
148242432 0.0131148649379611
148340736 0.0110934479162097
148439040 0.00651688501238823
148537344 0.0072255777195096
148635648 0.00366794434376061
148733952 0.0173446573317051
148832256 0.00354859977960587
148930560 0.00497653475031257
149028864 0.00852494686841965
149127168 0.00259054242633283
149225472 0.0366049595177174
149323776 0.00605327682569623
149422080 0.00755303353071213
149520384 0.00255924020893872
149618688 0.00781305786222219
149716992 0.0171677302569151
149815296 0.00769317476078868
149913600 0.00371518661268055
150011904 0.0097012110054493
150110208 0.00641636131331325
150208512 0.0219042152166367
150306816 0.0236112345010042
150405120 0.0268266927450895
150503424 0.00202915701083839
150601728 0.00740626594051719
150700032 0.0175056103616953
150798336 0.00351557671092451
150896640 0.00344800180755556
150994944 0.00312306405976415
151093248 0.0062710209749639
151191552 0.00327083258889616
151289856 0.00817086827009916
151388160 0.00493137678131461
151486464 0.0201974716037512
151584768 0.00809562858194113
151683072 0.00513128004968166
151781376 0.0141058592125773
151879680 0.00768652325496078
151977984 0.0064824209548533
152076288 0.0117796985432506
152174592 0.0054322206415236
152272896 0.00933825504034758
152371200 0.00534999696537852
152469504 0.0126922177150846
152567808 0.017236016690731
152666112 0.00678947707638144
152764416 0.011902904137969
152862720 0.0109566990286112
152961024 0.0150370700284839
153059328 0.0141259087249637
153157632 0.0108296992257237
153255936 0.00590098230168223
153354240 0.00461518904194236
153452544 0.00996830593794584
153550848 0.00974513497203588
153649152 0.0360238365828991
153747456 0.0148679120466113
153845760 0.0261021293699741
153944064 0.0195191483944654
154042368 0.0343630015850067
154140672 0.00427786726504564
154238976 0.00936105754226446
154337280 0.0120817292481661
154435584 0.0212886538356543
154533888 0.00706317368894815
154632192 0.010136297903955
154730496 0.00725237140432
154828800 0.0134089011698961
154927104 0.00234678643755615
155025408 0.00322032952681184
155123712 0.00475817266851664
155222016 0.013462983071804
155320320 0.00424074335023761
155418624 0.01618567481637
155516928 0.00258857919834554
155615232 0.0143067957833409
155713536 0.00598192308098078
155811840 0.00872092694044113
155910144 0.00560305966064334
156008448 0.0133944423869252
156106752 0.00801814813166857
156205056 0.0149901928380132
156303360 0.00380584457889199
156401664 0.0131768500432372
156499968 0.00884145218878984
156598272 0.00402292143553495
156696576 0.00348652945831418
156794880 0.00310020078904927
156893184 0.0157434325665236
156991488 0.00308328191749752
157089792 0.00343251670710742
157188096 0.0064840423874557
157286400 0.0169376600533724
157384704 0.00609526876360178
157483008 0.00472460081800818
157581312 0.0051739439368248
157679616 0.00893457233905792
157777920 0.0020824521780014
157876224 0.0111246118322015
157974528 0.00299963587895036
158072832 0.00201192335225642
158171136 0.00412777252495289
158269440 0.0279027801007032
158367744 0.00847971346229315
158466048 0.00670396303758025
158564352 0.00672917533665895
158662656 0.0103289783000946
158760960 0.0072248624637723
158859264 0.00545646296814084
158957568 0.0106698172166944
159055872 0.0093184681609273
159154176 0.00840263999998569
159252480 0.00607892824336886
159350784 0.0118476338684559
159449088 0.00615960033610463
159547392 0.011293537914753
159645696 0.00938932597637177
159744000 0.00369871268048882
159842304 0.00803313683718443
159940608 0.00764770014211535
160038912 0.00714303785935044
160137216 0.0184979103505611
160235520 0.00672932341694832
160333824 0.00879068672657013
160432128 0.0161797776818275
160530432 0.00725417677313089
160628736 0.0132276369258761
160727040 0.00479923887178302
160825344 0.0112781468778849
160923648 0.00742286909371614
161021952 0.0184933878481388
161120256 0.0219655204564333
161218560 0.00323592196218669
161316864 0.00967230089008808
161415168 0.010481464676559
161513472 0.00881402101367712
161611776 0.011054515838623
161710080 0.0273080971091986
161808384 0.0176990516483784
161906688 0.0175977647304535
162004992 0.00982898194342852
162103296 0.00736641976982355
162201600 0.00889631640166044
162299904 0.0136998761445284
162398208 0.00599903892725706
162496512 0.0177085287868977
162594816 0.00465445825830102
162693120 0.00368269463069737
162791424 0.0141533315181732
162889728 0.0143673093989491
162988032 0.00664176512509584
163086336 0.0116133838891983
163184640 0.00433796970173717
163282944 0.00945337954908609
163381248 0.0112848049029708
163479552 0.0109593234956264
163577856 0.0183734428137541
163676160 0.00581399677321315
163774464 0.0281350072473288
163872768 0.0037910093087703
163971072 0.00939868483692408
164069376 0.0220429338514805
164167680 0.0055564409121871
164265984 0.00909338239580393
164364288 0.027718449011445
164462592 0.00710068503394723
164560896 0.0215223766863346
164659200 0.0258815828710794
164757504 0.036863662302494
164855808 0.00702978810295463
164954112 0.00732415495440364
165052416 0.00815507303923368
165150720 0.0140792457386851
165249024 0.0166343133896589
165347328 0.0119893997907639
165445632 0.0136511623859406
165543936 0.0228200443089008
165642240 0.016232043504715
165740544 0.0128953652456403
165838848 0.0167826395481825
165937152 0.0113906813785434
166035456 0.019104640930891
166133760 0.0138717321678996
166232064 0.0163334459066391
166330368 0.0230113547295332
166428672 0.0169131141155958
166526976 0.0081235459074378
166625280 0.0165891591459513
166723584 0.00771631905809045
166821888 0.00918446481227875
166920192 0.0172734539955854
167018496 0.00646995240822434
167116800 0.00657251058146358
167215104 0.00683310395106673
167313408 0.012444794178009
167411712 0.0229290202260017
167510016 0.00830450840294361
167608320 0.0159755740314722
167706624 0.00907734502106905
167804928 0.00843344628810883
167903232 0.0210686828941107
168001536 0.0157795902341604
168099840 0.0223296657204628
168198144 0.0267515275627375
168296448 0.0278351455926895
168394752 0.00684296479448676
168493056 0.00792642310261726
168591360 0.0252985712140799
168689664 0.0133690107613802
168787968 0.00821079593151808
168886272 0.00797455105930567
168984576 0.018668157979846
169082880 0.0117342844605446
169181184 0.0186282638460398
169279488 0.0131961051374674
169377792 0.00907233729958534
169476096 0.00597782572731376
169574400 0.00938792992383242
169672704 0.0365911461412907
169771008 0.00415916135534644
169869312 0.0114813325926661
169967616 0.00887026451528072
170065920 0.0174193531274796
170164224 0.0231635998934507
170262528 0.00686469534412026
170360832 0.0116993086412549
170459136 0.0125219495967031
170557440 0.0059828944504261
170655744 0.0301937758922577
170754048 0.00752609735354781
170852352 0.00612093741074204
170950656 0.00512696197256446
171048960 0.0155080202966928
171147264 0.0120014240965247
171245568 0.00954712182283401
171343872 0.0130607038736343
171442176 0.0183313377201557
171540480 0.0194725338369608
171638784 0.00985389202833176
171737088 0.00678499508649111
171835392 0.0125396344810724
171933696 0.0262487716972828
172032000 0.0188416466116905
172130304 0.0225928816944361
172228608 0.00338475476019084
172326912 0.0134988827630877
172425216 0.00977810751646757
172523520 0.0166143961250782
172621824 0.0136623084545135
172720128 0.015156957320869
172818432 0.0207759980112314
172916736 0.00916593056172132
173015040 0.0073706628754735
173113344 0.0193929113447666
173211648 0.00976131297647953
173309952 0.00858614128082991
173408256 0.0122770154848695
173506560 0.0209980644285679
173604864 0.0141178909689188
173703168 0.0148166297003627
173801472 0.00922052562236786
173899776 0.00731121329590678
173998080 0.0191125571727753
174096384 0.00715405633673072
174194688 0.00805043615400791
174292992 0.0075048329308629
174391296 0.0152105232700706
174489600 0.00672836927697062
174587904 0.0069389664568007
174686208 0.0119949048385024
174784512 0.021882176399231
174882816 0.0326942317187786
174981120 0.0251951720565557
175079424 0.0114367781206965
175177728 0.0093137277290225
175276032 0.0114293294027448
175374336 0.0113062495365739
175472640 0.0287830717861652
175570944 0.0191022269427776
175669248 0.0108514819294214
175767552 0.0104615157470107
175865856 0.00545312976464629
175964160 0.0130743635818362
176062464 0.00718840537592769
176160768 0.0119472062215209
176259072 0.0207058917731047
176357376 0.00671594357118011
176455680 0.00716288015246391
176553984 0.0140289384871721
176652288 0.00982796680182219
176750592 0.0159110296517611
176848896 0.0143774002790451
176947200 0.0129094449803233
177045504 0.0378262475132942
177143808 0.033500250428915
177242112 0.017419746145606
177340416 0.0200343038886786
177438720 0.0308767445385456
177537024 0.0233295522630215
177635328 0.00668445462360978
177733632 0.0151920514181256
177831936 0.0210102554410696
177930240 0.0492717735469341
178028544 0.0242293681949377
178126848 0.0524488762021065
178225152 0.0416321009397507
178323456 0.0199378821998835
178421760 0.0103554232046008
178520064 0.0152062540873885
178618368 0.00497726909816265
178716672 0.0264271851629019
178814976 0.0151596665382385
178913280 0.0145772462710738
179011584 0.00731853162869811
179109888 0.00965703278779984
179208192 0.0221519581973553
179306496 0.00818518921732903
179404800 0.0253302995115519
179503104 0.0216313544660807
179601408 0.00590919936075807
179699712 0.0122663276270032
179798016 0.00572501728311181
179896320 0.0137784499675035
179994624 0.0212233979254961
180092928 0.0316055305302143
180191232 0.0514219999313354
180289536 0.0253017283976078
180387840 0.0517331920564175
180486144 0.0177258607000113
180584448 0.0338215790688992
180682752 0.0130523359403014
180781056 0.0122674331068993
180879360 0.0121162636205554
180977664 0.00825248565524817
181075968 0.00795019883662462
181174272 0.00393359223380685
181272576 0.0188220124691725
181370880 0.0160404182970524
181469184 0.0201928820461035
181567488 0.00578467408195138
181665792 0.00784401316195726
181764096 0.0109756775200367
181862400 0.00542078167200089
181960704 0.0143751949071884
182059008 0.00752722937613726
182157312 0.0104403980076313
182255616 0.00919513590633869
182353920 0.0197967197746038
182452224 0.0093437684699893
182550528 0.0191182848066092
182648832 0.00634089205414057
182747136 0.0164740700274706
182845440 0.0110280197113752
182943744 0.0193289872258902
183042048 0.0101968813687563
183140352 0.0129057765007019
183238656 0.00893285125494003
183336960 0.00781579501926899
183435264 0.00673846388235688
183533568 0.0110356910154223
183631872 0.018435949459672
183730176 0.0183840300887823
183828480 0.00892869103699923
183926784 0.00918104965239763
184025088 0.00623682700097561
184123392 0.0479366295039654
184221696 0.0183940194547176
184320000 0.0294963717460632
184418304 0.0164277739822865
184516608 0.00931718852370977
184614912 0.00945885945111513
184713216 0.00719092646613717
184811520 0.0373001806437969
184909824 0.0112199187278748
185008128 0.00952599197626114
185106432 0.0195050537586212
185204736 0.0105597833171487
185303040 0.0178045909851789
185401344 0.015272262506187
185499648 0.0185671411454678
185597952 0.0435660481452942
185696256 0.00914917420595884
185794560 0.0122895827516913
185892864 0.00857965648174286
185991168 0.0096780750900507
186089472 0.00934550072997808
186187776 0.0157933812588453
186286080 0.0120245283469558
186384384 0.012171171605587
186482688 0.0258306004106998
186580992 0.0177641063928604
186679296 0.0127376792952418
186777600 0.005669005215168
186875904 0.0166912823915482
186974208 0.0112926578149199
187072512 0.0088431378826499
187170816 0.0252892207354307
187269120 0.0239299349486828
187367424 0.0117185181006789
187465728 0.0104072196409106
187564032 0.0125721218064427
187662336 0.0102939624339342
187760640 0.0179647002369165
187858944 0.0148927690461278
187957248 0.0315982289612293
188055552 0.00745602790266275
188153856 0.0202117152512074
188252160 0.0175045486539602
188350464 0.00917148310691118
188448768 0.0111993839964271
188547072 0.0193666387349367
188645376 0.0217678677290678
188743680 0.0120075820013881
188841984 0.0154269831255078
188940288 0.0137056363746524
189038592 0.018479248508811
189136896 0.117802910506725
189235200 0.0262859761714935
189333504 0.0138152632862329
189431808 0.0244329329580069
189530112 0.00432387506589293
189628416 0.0255544725805521
189726720 0.0043717734515667
189825024 0.0263913702219725
189923328 0.010491912253201
190021632 0.0145151037722826
190119936 0.0139135345816612
190218240 0.0109799290075898
190316544 0.018881706520915
190414848 0.0058768717572093
190513152 0.014107957482338
190611456 0.00922024995088577
190709760 0.0428308434784412
190808064 0.0107310554012656
190906368 0.0177824050188065
191004672 0.0215639676898718
191102976 0.0222441330552101
191201280 0.0167065560817719
191299584 0.0194908212870359
191397888 0.0139386747032404
191496192 0.0136755127459764
191594496 0.0166595187038183
191692800 0.0336120799183846
191791104 0.0196809116750956
191889408 0.0255826767534018
191987712 0.016760153695941
192086016 0.0425529405474663
192184320 0.0255599804222584
192282624 0.0266617815941572
192380928 0.0116080697625875
192479232 0.00545893982052803
192577536 0.0273584220558405
192675840 0.0153119536116719
192774144 0.0184042546898127
192872448 0.0132873803377151
192970752 0.0123292831704021
193069056 0.00550876930356026
193167360 0.00711552519351244
193265664 0.0163211356848478
193363968 0.0181326903402805
193462272 0.0165327489376068
193560576 0.0208500493317842
193658880 0.0153743056580424
193757184 0.00810333713889122
193855488 0.011822335422039
193953792 0.0163457300513983
194052096 0.0187004394829273
194150400 0.0160999689251184
194248704 0.0172917898744345
194347008 0.0335364267230034
194445312 0.0171635206788778
194543616 0.009862813167274
194641920 0.0180285274982452
194740224 0.0191018898040056
194838528 0.0153570799157023
194936832 0.0155177712440491
195035136 0.010257906280458
195133440 0.0110115604475141
195231744 0.0118336090818048
195330048 0.0248229596763849
195428352 0.0188327934592962
195526656 0.0187754780054092
195624960 0.0232497733086348
195723264 0.0169937666505575
195821568 0.010517381131649
195919872 0.0134467482566833
196018176 0.0182305295020342
196116480 0.0666424185037613
196214784 0.0317045338451862
196313088 0.0273784436285496
196411392 0.0119919823482633
196509696 0.011752181686461
