1 0
2 3.70239234825931e-07
3 7.92585012732161e-07
4 6.62377124172053e-06
5 1.42628366006647e-07
6 5.11781252043875e-07
7 1.10224209493026e-06
8 3.08418611894012e-06
9 5.0148054242527e-07
10 1.08363349227147e-06
11 4.40543362856261e-06
12 2.57239207712701e-05
13 8.32828009151854e-05
14 0.000390222849091515
15 0.000489816360641271
16 0.000766569341067225
17 0.00125993811525404
18 0.00144306314177811
19 0.00237556593492627
20 0.00246705370955169
21 0.00407229131087661
22 0.00483169313520193
23 0.00507131358608603
24 0.00615645153447986
25 0.00786171015352011
26 0.010734255425632
27 0.0106460256502032
28 0.0121291745454073
29 0.0161413047462702
30 0.0177171751856804
31 0.0190202631056309
32 0.0211522430181503
33 0.0222881715744734
34 0.0234118308871984
35 0.0231367349624634
36 0.0273787565529346
37 0.0298374481499195
38 0.0351278223097324
39 0.0399507097899914
40 0.0439338646829128
41 0.0479899980127811
42 0.0525391176342964
43 0.0600302331149578
44 0.0662465542554855
45 0.0674324482679367
46 0.0736980885267258
47 0.0800336375832558
48 0.0868556797504425
49 0.0930267199873924
50 0.104642927646637
51 0.123370289802551
52 0.137406513094902
53 0.154430463910103
54 0.159301996231079
55 0.165267869830132
56 0.179427891969681
57 0.193032845854759
58 0.200887709856033
59 0.212760359048843
60 0.231233462691307
61 0.250130325555801
62 0.255845099687576
63 0.258094877004623
64 0.26019498705864
65 0.257212549448013
66 0.261801928281784
67 0.274604290723801
68 0.280895382165909
69 0.290349692106247
70 0.304886698722839
71 0.300789833068848
72 0.305862456560135
73 0.323253959417343
74 0.326680183410645
75 0.341898858547211
76 0.365140527486801
77 0.366749495267868
78 0.377923458814621
79 0.392975747585297
80 0.400728791952133
81 0.407631874084473
82 0.414210379123688
83 0.40450057387352
84 0.427679449319839
85 0.450828552246094
86 0.456070899963379
87 0.469611018896103
88 0.484896391630173
89 0.489966303110123
90 0.503803253173828
91 0.515828430652618
92 0.535625696182251
93 0.525549471378326
94 0.554542660713196
95 0.57465136051178
96 0.586002767086029
97 0.594073534011841
98 0.620155990123749
99 0.619746685028076
100 0.647704124450684
101 0.663727223873138
102 0.677615284919739
103 0.675244331359863
104 0.672581851482391
105 0.665270209312439
106 0.693414628505707
107 0.682705104351044
108 0.663853824138641
109 0.649191796779633
110 0.650431931018829
111 0.656120717525482
112 0.661551594734192
113 0.686332702636719
114 0.695697844028473
115 0.715432941913605
116 0.715080261230469
117 0.730462908744812
118 0.749318420886993
119 0.742408931255341
120 0.735614836215973
121 0.747580528259277
122 0.748643577098846
123 0.759181141853333
124 0.755769371986389
125 0.720041871070862
126 0.709819734096527
127 0.723426759243011
128 0.72832840681076
129 0.726403176784515
130 0.738065898418427
131 0.727221190929413
132 0.755059361457825
133 0.754974007606506
134 0.763933956623077
135 0.772410213947296
136 0.784369170665741
137 0.769059419631958
138 0.800583779811859
139 0.822408378124237
140 0.818489193916321
141 0.846853911876678
142 0.845096051692963
143 0.856695175170898
144 0.867254674434662
145 0.870235085487366
146 0.884616494178772
147 0.884332835674286
148 0.882217526435852
149 0.891699254512787
150 0.887116730213165
151 0.908020615577698
152 0.913565456867218
153 0.924782872200012
154 0.921593487262726
155 0.924201965332031
156 0.917850494384766
157 0.892913043498993
158 0.895672976970673
159 0.914310932159424
160 0.913568019866943
161 0.927750706672668
162 0.931934773921967
163 0.918379604816437
164 0.929665982723236
165 0.934695065021515
166 0.921168446540833
167 0.929202079772949
168 0.946734845638275
169 0.944907188415527
170 0.935341477394104
171 0.936590969562531
172 0.929353356361389
173 0.926938474178314
174 0.935576438903809
175 0.96107691526413
176 0.961422920227051
177 0.950505912303925
178 0.986291825771332
179 0.981067657470703
180 0.982258021831512
181 0.984935402870178
182 1.00473392009735
183 0.988592565059662
184 1.00597560405731
185 1.00594985485077
186 1.00241851806641
187 1.02713477611542
188 1.01693296432495
189 1.00793099403381
190 1.00102400779724
191 1.01452386379242
192 1.014763712883
193 1.01275050640106
194 1.0065780878067
195 1.01060104370117
196 1.01201319694519
197 0.982683658599854
198 0.984507262706757
199 0.994652688503265
200 0.992838680744171
201 0.992390751838684
202 0.998601734638214
203 0.997248828411102
204 1.00191593170166
205 1.01784884929657
206 1.02343273162842
207 1.04417836666107
208 1.07404983043671
209 1.061856508255
210 1.07221055030823
211 1.05085575580597
212 1.04630374908447
213 1.05717599391937
214 1.04987525939941
215 1.06019043922424
216 1.07700419425964
217 1.0681711435318
218 1.05896854400635
219 1.08651316165924
220 1.0916633605957
221 1.09733235836029
222 1.09664332866669
223 1.08780431747437
224 1.08354592323303
225 1.08292007446289
226 1.06581103801727
227 1.08251678943634
228 1.11003530025482
229 1.08838295936584
230 1.09221398830414
231 1.095050573349
232 1.09308862686157
233 1.10301244258881
234 1.08789527416229
235 1.10619699954987
236 1.1061475276947
237 1.12188506126404
238 1.11112713813782
239 1.13232839107513
240 1.12914299964905
241 1.12462866306305
242 1.18934118747711
243 1.15226018428802
244 1.13564622402191
245 1.16343760490417
246 1.15651059150696
247 1.14042246341705
248 1.16498708724976
249 1.16226327419281
250 1.17731630802155
251 1.17944705486298
252 1.17354023456573
253 1.1691061258316
254 1.1753443479538
255 1.17071044445038
256 1.17754745483398
257 1.18482100963593
258 1.17543113231659
259 1.16817653179169
260 1.18820524215698
261 1.18656766414642
262 1.18325328826904
263 1.21227073669434
264 1.24175727367401
265 1.21677052974701
266 1.23993146419525
267 1.23830020427704
268 1.25339686870575
269 1.27289640903473
270 1.27233564853668
271 1.270867228508
272 1.286789894104
273 1.29444921016693
274 1.29657351970673
275 1.29335868358612
276 1.30425870418549
277 1.27940213680267
278 1.28194975852966
279 1.29546868801117
280 1.28948593139648
281 1.3085675239563
282 1.29543495178223
283 1.30983984470367
284 1.309415102005
285 1.29135751724243
286 1.29750859737396
287 1.28282952308655
288 1.28603410720825
289 1.28475344181061
290 1.27738785743713
291 1.2715812921524
292 1.29381775856018
293 1.26634109020233
294 1.25411403179169
295 1.30788481235504
296 1.30355381965637
297 1.27574121952057
298 1.29475390911102
299 1.28271734714508
300 1.2819048166275
301 1.30909276008606
302 1.27624011039734
303 1.25543296337128
304 1.30036103725433
305 1.27331948280334
306 1.27738177776337
307 1.27533745765686
308 1.24223268032074
309 1.23850214481354
310 1.2627375125885
311 1.22671699523926
312 1.23788297176361
313 1.25389158725739
314 1.2575945854187
315 1.25163197517395
316 1.27600634098053
317 1.27162444591522
318 1.30322551727295
319 1.32338035106659
320 1.27626073360443
321 1.27103507518768
322 1.24056994915009
323 1.24495780467987
324 1.24300527572632
325 1.25101745128632
326 1.24233949184418
327 1.21494781970978
328 1.24545550346375
329 1.27374482154846
330 1.24493968486786
331 1.22370970249176
332 1.19976127147675
333 1.23253440856934
334 1.21155190467834
335 1.17358207702637
336 1.19165313243866
337 1.16385626792908
338 1.1370347738266
339 1.1874874830246
340 1.18647944927216
341 1.15534222126007
342 1.17549705505371
343 1.15951788425446
344 1.12484955787659
345 1.15256357192993
346 1.14091718196869
347 1.14591503143311
348 1.17339611053467
349 1.16351890563965
350 1.16360056400299
351 1.16078984737396
352 1.15479373931885
353 1.13607716560364
354 1.13825416564941
355 1.15086114406586
356 1.15261673927307
357 1.16287517547607
358 1.14009988307953
359 1.14132249355316
360 1.15851783752441
361 1.13927209377289
362 1.12191808223724
363 1.14168763160706
364 1.11960685253143
365 1.14369606971741
366 1.15027248859406
367 1.14095342159271
368 1.1277322769165
369 1.1319831609726
370 1.11378276348114
371 1.11320316791534
372 1.11560821533203
373 1.11691999435425
374 1.16688930988312
375 1.16853606700897
376 1.14871525764465
377 1.17283952236176
378 1.15224742889404
379 1.13217532634735
380 1.14803433418274
381 1.15327501296997
382 1.14725196361542
383 1.16216814517975
384 1.14865624904633
385 1.1353452205658
386 1.15085875988007
387 1.14556729793549
388 1.15005099773407
389 1.17165684700012
390 1.16025710105896
391 1.161980509758
392 1.14032459259033
393 1.14003396034241
394 1.14246702194214
395 1.16393601894379
396 1.15117514133453
397 1.1333235502243
398 1.16229641437531
399 1.11724579334259
400 1.11501657962799
401 1.1167688369751
402 1.11930024623871
403 1.10448348522186
404 1.11944448947906
405 1.10271215438843
406 1.0702291727066
407 1.11506724357605
408 1.08855843544006
409 1.10134541988373
410 1.09997880458832
411 1.07651972770691
412 1.09506249427795
413 1.09448742866516
414 1.08724403381348
415 1.10579299926758
416 1.11674964427948
417 1.09524583816528
418 1.08356654644012
419 1.10498464107513
420 1.06875503063202
421 1.07213294506073
422 1.06075322628021
423 1.05753552913666
424 1.05672287940979
425 1.0640070438385
426 1.03579235076904
427 1.0496279001236
428 1.06378996372223
429 1.01710975170135
430 1.03583598136902
431 1.04229724407196
432 1.02546072006226
433 1.02495920658112
434 1.02303636074066
435 1.04076254367828
436 1.04009556770325
437 1.01058983802795
438 0.997728645801544
439 1.02654469013214
440 1.01726746559143
441 1.00640523433685
442 1.03390622138977
443 1.01441156864166
444 1.00424027442932
445 1.01343953609467
446 0.998546600341797
447 0.994020640850067
448 1.02802205085754
449 1.04389894008636
450 1.02124774456024
451 1.00024211406708
452 0.994598388671875
453 0.982021152973175
454 1.02789664268494
455 1.00479745864868
456 1.00619959831238
457 1.00948810577393
458 0.989965081214905
459 1.00393438339233
460 0.995755016803741
461 0.975485503673553
462 0.98103141784668
463 0.990464389324188
464 1.00629889965057
465 1.00191378593445
466 1.01331698894501
467 1.00714385509491
468 1.02444803714752
469 1.02465879917145
470 0.986441075801849
471 1.00437247753143
472 0.983574569225311
473 0.993825733661652
474 1.00800168514252
475 0.993571937084198
476 0.992994010448456
477 0.984169661998749
478 0.97900116443634
479 0.968844830989838
480 0.982956826686859
481 0.980178475379944
482 0.963587880134583
483 0.988889992237091
484 0.98513525724411
485 0.963329136371613
486 0.977211594581604
487 0.962164998054504
488 0.968567669391632
489 0.974860787391663
490 0.974647343158722
491 0.969401776790619
492 0.966353416442871
493 0.976734459400177
494 0.966930866241455
495 0.974410831928253
496 0.965123355388641
497 0.963561952114105
498 0.976967453956604
499 0.964939117431641
500 0.954155147075653
501 0.956192314624786
502 0.946132004261017
503 0.945452392101288
504 0.956088185310364
505 0.92777407169342
506 0.926889061927795
507 0.934138774871826
508 0.909981906414032
509 0.928464412689209
510 0.921429634094238
511 0.918600022792816
512 0.919463574886322
513 0.923591613769531
514 0.92173844575882
515 0.922147750854492
516 0.917224824428558
517 0.916846096515656
518 0.913727223873138
519 0.911817193031311
520 0.908609986305237
521 0.901446521282196
522 0.900868058204651
523 0.900368869304657
524 0.881589353084564
525 0.887098431587219
526 0.887889206409454
527 0.888658940792084
528 0.885613083839417
529 0.891388535499573
530 0.89295893907547
531 0.891836166381836
532 0.88525003194809
533 0.887964189052582
534 0.891843974590302
535 0.881639182567596
536 0.892013072967529
537 0.880293667316437
538 0.869843423366547
539 0.864657521247864
540 0.866749584674835
541 0.859246730804443
542 0.859729290008545
543 0.861782848834991
544 0.854453086853027
545 0.859265446662903
546 0.861448884010315
547 0.862330853939056
548 0.86393529176712
549 0.852964580059052
550 0.870091438293457
551 0.870666801929474
552 0.884390532970428
553 0.857215106487274
554 0.866076648235321
555 0.850925445556641
556 0.836148262023926
557 0.85856020450592
558 0.852087795734406
559 0.852488338947296
560 0.849283516407013
561 0.842682063579559
562 0.850525498390198
563 0.85856431722641
564 0.845592677593231
565 0.867500603199005
566 0.870743751525879
567 0.858211517333984
568 0.848843395709991
569 0.859198987483978
570 0.843322098255157
571 0.835150897502899
572 0.842761635780334
573 0.826219379901886
574 0.809552609920502
575 0.830276668071747
576 0.827431380748749
577 0.80903548002243
578 0.820051491260529
579 0.809609055519104
580 0.816499531269073
581 0.814875602722168
582 0.808423638343811
583 0.817838132381439
584 0.828446209430695
585 0.808714985847473
586 0.80911773443222
587 0.797535121440887
588 0.802935540676117
589 0.81328946352005
590 0.787109851837158
591 0.780217826366425
592 0.760528266429901
593 0.786744177341461
594 0.765808761119843
595 0.767263233661652
596 0.784668445587158
597 0.764450669288635
598 0.775182664394379
599 0.777105629444122
600 0.782122075557709
601 0.771349132061005
602 0.767177760601044
603 0.768284380435944
604 0.761146664619446
605 0.776159703731537
606 0.77007794380188
607 0.767802298069
608 0.756841123104095
609 0.74932998418808
610 0.751954734325409
611 0.743981182575226
612 0.738689184188843
613 0.725120544433594
614 0.725062489509583
615 0.724825501441956
616 0.717620551586151
617 0.718344926834106
618 0.710758149623871
619 0.714946568012238
620 0.719896733760834
621 0.704758584499359
622 0.714210331439972
623 0.708007574081421
624 0.708183705806732
625 0.697189271450043
626 0.704232513904572
627 0.702898144721985
628 0.704369902610779
629 0.70610237121582
630 0.693856418132782
631 0.705457627773285
632 0.700028240680695
633 0.695692658424377
634 0.69788783788681
635 0.697223842144012
636 0.684542655944824
637 0.681912839412689
638 0.688847661018372
639 0.670566201210022
640 0.677168846130371
641 0.674985885620117
642 0.66802591085434
643 0.677286922931671
644 0.67987722158432
645 0.663345158100128
646 0.668381094932556
647 0.669832527637482
648 0.67367947101593
649 0.67504358291626
650 0.681664109230042
651 0.674599587917328
652 0.680277168750763
653 0.66749382019043
654 0.66292142868042
655 0.683316648006439
656 0.668516576290131
657 0.662634193897247
658 0.666852712631226
659 0.663567543029785
660 0.666086375713348
661 0.659538447856903
662 0.671314120292664
663 0.666708111763
664 0.681591331958771
665 0.665907621383667
666 0.672990381717682
667 0.673931777477264
668 0.65817254781723
669 0.678778290748596
670 0.672021806240082
671 0.677359342575073
672 0.671393871307373
673 0.679206073284149
674 0.687995076179504
675 0.682321310043335
676 0.687013566493988
677 0.68031895160675
678 0.684190392494202
679 0.67560338973999
680 0.677564799785614
681 0.693847358226776
682 0.704123437404633
683 0.714782774448395
684 0.701548039913177
685 0.709954559803009
686 0.710357964038849
687 0.705287754535675
688 0.719848871231079
689 0.706113934516907
690 0.718177735805511
691 0.710945785045624
692 0.71527498960495
693 0.71958726644516
694 0.729138553142548
695 0.732065558433533
696 0.726306080818176
697 0.732955515384674
698 0.721430599689484
699 0.733507633209229
700 0.733665645122528
701 0.740838944911957
702 0.747973740100861
703 0.745169520378113
704 0.748923420906067
705 0.735487461090088
706 0.734780609607697
707 0.723623991012573
708 0.722270369529724
709 0.728337466716766
710 0.71622508764267
711 0.721783638000488
712 0.717846393585205
713 0.711595714092255
714 0.722241699695587
715 0.715550661087036
716 0.710318207740784
717 0.716819941997528
718 0.718430280685425
719 0.735350906848907
720 0.733783781528473
721 0.735631227493286
722 0.734008371829987
723 0.739533722400665
724 0.732507288455963
725 0.731277883052826
726 0.735650897026062
727 0.734508991241455
728 0.737938821315765
729 0.737140834331512
730 0.738128840923309
731 0.729998648166656
732 0.736200153827667
733 0.740878045558929
734 0.726751983165741
735 0.742725193500519
736 0.741911649703979
737 0.745324492454529
738 0.741754293441772
739 0.738691568374634
740 0.738192856311798
741 0.736132800579071
742 0.738628089427948
743 0.753263056278229
744 0.756943345069885
745 0.731961011886597
746 0.727722585201263
747 0.732414066791534
748 0.726239621639252
749 0.726615309715271
750 0.732545554637909
751 0.74080890417099
752 0.730997204780579
753 0.725242435932159
754 0.730517029762268
755 0.728229641914368
756 0.736117780208588
757 0.733478903770447
758 0.733037352561951
759 0.73670095205307
760 0.742170810699463
761 0.754158794879913
762 0.757896780967712
763 0.745600402355194
764 0.746563374996185
765 0.737975001335144
766 0.735027492046356
767 0.740329742431641
768 0.736079633235931
769 0.729504585266113
770 0.72629988193512
771 0.730376124382019
772 0.724134147167206
773 0.721671998500824
774 0.725730538368225
775 0.724651038646698
776 0.723937630653381
777 0.715730488300323
778 0.717275619506836
779 0.725996494293213
780 0.720022857189178
781 0.717995703220367
782 0.713848292827606
783 0.727004528045654
784 0.709276974201202
785 0.722594320774078
786 0.71912956237793
787 0.706013679504395
788 0.724815666675568
789 0.720872819423676
790 0.734110653400421
791 0.722894966602325
792 0.732301235198975
793 0.735573470592499
794 0.71297949552536
795 0.729971170425415
796 0.719365060329437
797 0.726073205471039
798 0.727328598499298
799 0.708780229091644
800 0.726635456085205
801 0.718007504940033
802 0.727493941783905
803 0.711646318435669
804 0.718949854373932
805 0.726934552192688
806 0.70233017206192
807 0.714695811271667
808 0.70522129535675
809 0.721957325935364
810 0.721108913421631
811 0.716541528701782
812 0.731257379055023
813 0.703208327293396
814 0.714389383792877
815 0.697230994701385
816 0.696389675140381
817 0.703686892986298
818 0.69671106338501
819 0.706606984138489
820 0.693744122982025
821 0.697478890419006
822 0.688666045665741
823 0.685038685798645
824 0.695016980171204
825 0.674212694168091
826 0.696905791759491
827 0.699360847473145
828 0.695981502532959
829 0.69918829202652
830 0.696104168891907
831 0.695490956306458
832 0.698681533336639
833 0.704377472400665
834 0.69974422454834
835 0.688030421733856
836 0.695679903030396
837 0.686809778213501
838 0.710833668708801
839 0.711722016334534
840 0.705295324325562
841 0.704412639141083
842 0.694147646427155
843 0.711700916290283
844 0.693878889083862
845 0.706478357315063
846 0.703684151172638
847 0.698283493518829
848 0.70718652009964
849 0.680955171585083
850 0.698945343494415
851 0.699865639209747
852 0.709492027759552
853 0.7016921043396
854 0.698718726634979
855 0.709640443325043
856 0.694455325603485
857 0.710493445396423
858 0.710472583770752
859 0.707853317260742
860 0.712032496929169
861 0.690264999866486
862 0.708687841892242
863 0.697352707386017
864 0.710021674633026
865 0.715285658836365
866 0.713427722454071
867 0.722284734249115
868 0.707965195178986
869 0.724886059761047
870 0.725822389125824
871 0.720754981040955
872 0.710096061229706
873 0.708596706390381
874 0.717479944229126
875 0.711803257465363
876 0.72681325674057
877 0.726465344429016
878 0.728071808815002
879 0.736920058727264
880 0.728571712970734
881 0.742255628108978
882 0.738810181617737
883 0.733109474182129
884 0.724556386470795
885 0.723187625408173
886 0.731591641902924
887 0.720620691776276
888 0.725129783153534
889 0.727855622768402
890 0.740350008010864
891 0.723070561885834
892 0.728213429450989
893 0.73756355047226
894 0.728517949581146
895 0.729267776012421
896 0.721671104431152
897 0.734878063201904
898 0.731833100318909
899 0.724504947662354
900 0.74090701341629
901 0.720386326313019
902 0.740876376628876
903 0.719347894191742
904 0.729058086872101
905 0.73266327381134
906 0.722011268138885
907 0.719146907329559
908 0.728343605995178
909 0.745446503162384
910 0.731390833854675
911 0.733232021331787
912 0.722151160240173
913 0.730591893196106
914 0.728104293346405
915 0.729187846183777
916 0.741922378540039
917 0.740125596523285
918 0.740413844585419
919 0.746380925178528
920 0.743998944759369
921 0.754358887672424
922 0.749594688415527
923 0.745889961719513
924 0.738080263137817
925 0.737993836402893
926 0.748480439186096
927 0.7480229139328
928 0.765213549137115
929 0.746087610721588
930 0.735227525234222
931 0.735647618770599
932 0.734486401081085
933 0.749013900756836
934 0.734128654003143
935 0.74657529592514
936 0.748651266098022
937 0.737765431404114
938 0.741664350032806
939 0.74572628736496
940 0.76453024148941
941 0.755125463008881
942 0.739833116531372
943 0.755662143230438
944 0.744775354862213
945 0.736715137958527
946 0.754155099391937
947 0.745109379291534
948 0.740278720855713
949 0.740048050880432
950 0.743537187576294
951 0.738042414188385
952 0.737931251525879
953 0.736636698246002
954 0.741732239723206
955 0.736314117908478
956 0.741476118564606
957 0.726721525192261
958 0.73557311296463
959 0.744014322757721
960 0.740548729896545
961 0.727039575576782
962 0.7276291847229
963 0.728056132793427
964 0.729252517223358
965 0.73119181394577
966 0.720757007598877
967 0.728801548480988
968 0.714969635009766
969 0.729626893997192
970 0.718907296657562
971 0.732226490974426
972 0.73155552148819
973 0.733645379543304
974 0.730231463909149
975 0.726432502269745
976 0.740405023097992
977 0.719712674617767
978 0.734550654888153
979 0.731678485870361
980 0.729933440685272
981 0.737636029720306
982 0.728506863117218
983 0.734804928302765
984 0.72221440076828
985 0.737391233444214
986 0.736397504806519
987 0.72233372926712
988 0.749291837215424
989 0.732926070690155
990 0.745769560337067
991 0.740375459194183
992 0.738377511501312
993 0.747105538845062
994 0.724088668823242
995 0.749301314353943
996 0.733232200145721
997 0.745640575885773
998 0.748110234737396
999 0.748105525970459
1000 0.764505684375763
1001 0.742140471935272
1002 0.76427698135376
1003 0.741413354873657
1004 0.761999011039734
1005 0.759396970272064
1006 0.751332938671112
1007 0.769475400447845
1008 0.767876088619232
1009 0.769807040691376
1010 0.76809173822403
1011 0.77322906255722
1012 0.773141980171204
1013 0.755833566188812
1014 0.77061402797699
1015 0.757299542427063
1016 0.761625945568085
1017 0.761631309986115
1018 0.761537373065948
1019 0.767045021057129
1020 0.761177718639374
1021 0.766180217266083
1022 0.763407826423645
1023 0.762975871562958
1024 0.770630657672882
1025 0.760615468025208
1026 0.77616423368454
1027 0.781076967716217
1028 0.794931888580322
1029 0.793935179710388
1030 0.784583270549774
1031 0.793328464031219
1032 0.787336826324463
1033 0.782159507274628
1034 0.774825036525726
1035 0.790237843990326
1036 0.790011882781982
1037 0.779631614685059
1038 0.799574494361877
1039 0.783877849578857
1040 0.793809294700623
1041 0.785317242145538
1042 0.785173296928406
1043 0.783305287361145
1044 0.781614005565643
1045 0.78725403547287
1046 0.789879441261292
1047 0.78948312997818
1048 0.79479855298996
1049 0.784382522106171
1050 0.797989308834076
1051 0.77688467502594
1052 0.795564591884613
1053 0.78507137298584
1054 0.778421759605408
1055 0.779701173305511
1056 0.780936777591705
1057 0.790676534175873
1058 0.78462153673172
1059 0.784246265888214
1060 0.781120419502258
1061 0.787078559398651
1062 0.793119609355927
1063 0.781089305877686
1064 0.795308351516724
1065 0.79953920841217
1066 0.800967395305634
1067 0.793670296669006
1068 0.792675495147705
1069 0.794357597827911
1070 0.789348602294922
1071 0.795948326587677
1072 0.791817665100098
1073 0.797393441200256
1074 0.790203273296356
1075 0.800953388214111
1076 0.805429458618164
1077 0.801126480102539
1078 0.804848849773407
1079 0.798497140407562
1080 0.804275453090668
1081 0.816671848297119
1082 0.796569049358368
1083 0.796144187450409
1084 0.796901643276215
1085 0.811623990535736
1086 0.796668827533722
1087 0.7884401679039
1088 0.799767673015594
1089 0.797027051448822
1090 0.790531277656555
1091 0.796128511428833
1092 0.791163384914398
1093 0.795098602771759
1094 0.787474036216736
1095 0.790767848491669
1096 0.796606838703156
1097 0.782440006732941
1098 0.791154980659485
1099 0.794752895832062
1100 0.804076194763184
1101 0.796893954277039
1102 0.796972930431366
1103 0.80438107252121
1104 0.798355460166931
1105 0.80848753452301
1106 0.816683948040009
1107 0.80314964056015
1108 0.798219382762909
1109 0.80213338136673
1110 0.813104331493378
1111 0.809051334857941
1112 0.815219819545746
1113 0.807113647460938
1114 0.812151908874512
1115 0.812277495861053
1116 0.806766510009766
1117 0.813926875591278
1118 0.804363667964935
1119 0.820330142974854
1120 0.803753077983856
1121 0.82850569486618
1122 0.807348251342773
1123 0.811798393726349
1124 0.79567164182663
1125 0.804628551006317
1126 0.809381306171417
1127 0.792689740657806
1128 0.797294139862061
1129 0.803368508815765
1130 0.791615307331085
1131 0.799464344978333
1132 0.785806953907013
1133 0.811499416828156
1134 0.79479593038559
1135 0.798009276390076
1136 0.792167067527771
1137 0.785070419311523
1138 0.803334414958954
1139 0.781783282756805
1140 0.792179644107819
1141 0.78209513425827
1142 0.797304809093475
1143 0.789765059947968
1144 0.786988258361816
1145 0.802541553974152
1146 0.790642082691193
1147 0.796669900417328
1148 0.789501309394836
1149 0.78002518415451
1150 0.788309693336487
1151 0.787727832794189
1152 0.792549431324005
1153 0.786961734294891
1154 0.793491005897522
1155 0.802129089832306
1156 0.791946411132812
1157 0.796071588993073
1158 0.791598856449127
1159 0.803839504718781
1160 0.798260748386383
1161 0.782558262348175
1162 0.788906574249268
1163 0.77830296754837
1164 0.787318706512451
1165 0.791413486003876
1166 0.790235221385956
1167 0.792485296726227
1168 0.801984250545502
1169 0.793363273143768
1170 0.801629245281219
1171 0.785152852535248
1172 0.786068081855774
1173 0.786128580570221
1174 0.800568997859955
1175 0.793395698070526
1176 0.779725790023804
1177 0.802392423152924
1178 0.793021023273468
1179 0.806395053863525
1180 0.789047181606293
1181 0.793837428092957
1182 0.799069464206696
1183 0.790053963661194
1184 0.798805713653564
1185 0.799818158149719
1186 0.797520339488983
1187 0.806144535541534
1188 0.793607473373413
1189 0.818054378032684
1190 0.800336301326752
1191 0.810977876186371
1192 0.810750782489777
1193 0.801432430744171
1194 0.805246472358704
1195 0.79290759563446
1196 0.807619094848633
1197 0.802343368530273
1198 0.800414025783539
1199 0.809020459651947
1200 0.793158292770386
1201 0.812431752681732
1202 0.79890114068985
1203 0.803050816059113
1204 0.810472130775452
1205 0.793457865715027
1206 0.813861310482025
1207 0.806462466716766
1208 0.816482961177826
1209 0.807224094867706
1210 0.800188362598419
1211 0.811850011348724
1212 0.796587586402893
1213 0.804383099079132
1214 0.78605717420578
1215 0.799387753009796
1216 0.80164635181427
1217 0.794616758823395
1218 0.800818860530853
1219 0.796471536159515
1220 0.791784882545471
1221 0.80412769317627
1222 0.793122828006744
1223 0.801419675350189
1224 0.792898297309875
1225 0.803253650665283
1226 0.795588135719299
1227 0.798812031745911
1228 0.797689199447632
1229 0.789071023464203
1230 0.798516094684601
1231 0.791475713253021
1232 0.794345140457153
1233 0.795871138572693
1234 0.789307713508606
1235 0.796456038951874
1236 0.78838586807251
1237 0.807806491851807
1238 0.806277751922607
1239 0.798923194408417
1240 0.812906563282013
1241 0.788706243038177
1242 0.811603009700775
1243 0.792559564113617
1244 0.802669644355774
1245 0.802358448505402
1246 0.793520629405975
1247 0.809257328510284
1248 0.790295958518982
1249 0.799698054790497
1250 0.787769496440887
1251 0.779314935207367
1252 0.780924737453461
1253 0.770882189273834
1254 0.78249579668045
1255 0.770803868770599
1256 0.777317643165588
1257 0.78069019317627
1258 0.771269261837006
1259 0.779096305370331
1260 0.766314327716827
1261 0.775589108467102
1262 0.771841466426849
1263 0.771960437297821
1264 0.779028594493866
1265 0.766373872756958
1266 0.782274782657623
1267 0.763754785060883
1268 0.7770836353302
1269 0.774461209774017
1270 0.765083312988281
1271 0.77789032459259
1272 0.774376213550568
1273 0.77928638458252
1274 0.781241118907928
1275 0.781871676445007
1276 0.788303554058075
1277 0.780973136425018
1278 0.792363286018372
1279 0.778993010520935
1280 0.778352200984955
1281 0.787034213542938
1282 0.774244368076324
1283 0.782111823558807
1284 0.774812877178192
1285 0.780480563640594
1286 0.789496064186096
1287 0.777922749519348
1288 0.789685606956482
1289 0.782910048961639
1290 0.787959039211273
1291 0.783927083015442
1292 0.778671741485596
1293 0.785711407661438
1294 0.766488254070282
1295 0.785192668437958
1296 0.780487477779388
1297 0.784630000591278
1298 0.786980807781219
1299 0.770322918891907
1300 0.792004108428955
1301 0.778362691402435
1302 0.789867281913757
1303 0.780365824699402
1304 0.779348313808441
1305 0.794638276100159
1306 0.777790725231171
1307 0.799424052238464
1308 0.784286439418793
1309 0.797459125518799
1310 0.786849915981293
1311 0.789068162441254
1312 0.794208467006683
1313 0.788051128387451
1314 0.795068621635437
1315 0.784482181072235
1316 0.791214823722839
1317 0.788738071918488
1318 0.793997228145599
1319 0.788581371307373
1320 0.783426761627197
1321 0.792547702789307
1322 0.79468560218811
1323 0.783789277076721
1324 0.788063049316406
1325 0.78216427564621
1326 0.798997282981873
1327 0.789418160915375
1328 0.803395450115204
1329 0.795598864555359
1330 0.792797923088074
1331 0.795652270317078
1332 0.792447745800018
1333 0.800305664539337
1334 0.801633834838867
1335 0.803575694561005
1336 0.799147546291351
1337 0.796011865139008
1338 0.79918646812439
1339 0.804636001586914
1340 0.80394458770752
1341 0.80421656370163
1342 0.795292496681213
1343 0.803123652935028
1344 0.813301026821136
1345 0.811880111694336
1346 0.813189327716827
1347 0.807256877422333
1348 0.799896061420441
1349 0.7931187748909
1350 0.793129026889801
1351 0.791239678859711
1352 0.791187524795532
1353 0.791636109352112
1354 0.786255538463593
1355 0.781213939189911
1356 0.793105006217957
1357 0.781569123268127
1358 0.784046947956085
1359 0.790975034236908
1360 0.788646280765533
1361 0.787866592407227
1362 0.79362553358078
1363 0.795399069786072
1364 0.788765251636505
1365 0.794774651527405
1366 0.797650396823883
1367 0.78710150718689
1368 0.78735077381134
1369 0.787546336650848
1370 0.773093402385712
1371 0.789299309253693
1372 0.77322256565094
1373 0.780836224555969
1374 0.77323591709137
1375 0.781498849391937
1376 0.765755116939545
1377 0.779872059822083
1378 0.782858788967133
1379 0.788662433624268
1380 0.783746659755707
1381 0.78254759311676
1382 0.779172420501709
1383 0.790760099887848
1384 0.796438217163086
1385 0.794382750988007
1386 0.785579323768616
1387 0.789158165454865
1388 0.785686314105988
1389 0.788138806819916
1390 0.793368756771088
1391 0.796344757080078
1392 0.789379715919495
1393 0.785560548305511
1394 0.792470872402191
1395 0.806866645812988
1396 0.802406489849091
1397 0.808571457862854
1398 0.800558507442474
1399 0.800727844238281
1400 0.793012320995331
1401 0.795386970043182
1402 0.79457026720047
1403 0.795320987701416
1404 0.790708959102631
1405 0.799674808979034
1406 0.804117798805237
1407 0.788561046123505
1408 0.800138294696808
1409 0.804561078548431
1410 0.799482762813568
1411 0.797882199287415
1412 0.796256601810455
1413 0.807306289672852
1414 0.804154992103577
1415 0.813502728939056
1416 0.807649075984955
1417 0.799949645996094
1418 0.814785003662109
1419 0.804247677326202
1420 0.814097821712494
1421 0.812040269374847
1422 0.82110208272934
1423 0.817534267902374
1424 0.801126897335052
1425 0.818876385688782
1426 0.820728480815887
1427 0.820188939571381
1428 0.813649356365204
1429 0.818013966083527
1430 0.817705273628235
1431 0.803228855133057
1432 0.810804545879364
1433 0.810050427913666
1434 0.818066596984863
1435 0.810151398181915
1436 0.809098064899445
1437 0.808228969573975
1438 0.809652507305145
1439 0.821632564067841
1440 0.821831703186035
1441 0.833342015743256
1442 0.829464375972748
1443 0.814370155334473
1444 0.815750777721405
1445 0.816350936889648
1446 0.830070495605469
1447 0.821246922016144
1448 0.818000614643097
1449 0.820426404476166
1450 0.809666097164154
1451 0.822073638439178
1452 0.806646525859833
1453 0.824392795562744
1454 0.816832065582275
1455 0.807969093322754
1456 0.823898315429688
1457 0.809137344360352
1458 0.825356125831604
1459 0.808497607707977
1460 0.811363220214844
1461 0.826600670814514
1462 0.798454463481903
1463 0.829751014709473
1464 0.813106179237366
1465 0.823390007019043
1466 0.81781929731369
1467 0.810984432697296
1468 0.82475346326828
1469 0.803375840187073
1470 0.820959866046906
1471 0.806558549404144
1472 0.811047732830048
1473 0.812286198139191
1474 0.802672803401947
1475 0.820016324520111
1476 0.804740726947784
1477 0.813709676265717
1478 0.810370862483978
1479 0.804472923278809
1480 0.826844871044159
1481 0.806203842163086
1482 0.832697868347168
1483 0.808045029640198
1484 0.814288735389709
1485 0.822167336940765
1486 0.799538314342499
1487 0.82159960269928
1488 0.812108814716339
1489 0.825368583202362
1490 0.819564521312714
1491 0.812066495418549
1492 0.827604115009308
1493 0.80871194601059
1494 0.823825478553772
1495 0.811475932598114
1496 0.814392507076263
1497 0.81003201007843
1498 0.790735483169556
1499 0.825772941112518
1500 0.801144599914551
1501 0.817817807197571
1502 0.816229999065399
1503 0.802324771881104
1504 0.815967202186584
1505 0.801653206348419
1506 0.816221177577972
1507 0.802760303020477
1508 0.810218036174774
1509 0.807879865169525
1510 0.796371459960938
1511 0.816516876220703
1512 0.802545249462128
1513 0.812004506587982
1514 0.803220272064209
1515 0.811840653419495
1516 0.815692901611328
1517 0.81062787771225
1518 0.822225868701935
1519 0.7995725274086
1520 0.814680516719818
1521 0.811271667480469
1522 0.805957019329071
1523 0.812909722328186
1524 0.80578625202179
1525 0.822544276714325
1526 0.800307095050812
1527 0.805203855037689
1528 0.803238093852997
1529 0.798968613147736
1530 0.813582599163055
1531 0.794070482254028
1532 0.815118432044983
1533 0.803332328796387
1534 0.801421284675598
1535 0.807613492012024
1536 0.805190563201904
1537 0.803993880748749
1538 0.79868096113205
1539 0.806398093700409
1540 0.800245761871338
1541 0.798584163188934
1542 0.792192280292511
1543 0.790254294872284
1544 0.802448451519012
1545 0.794857800006866
1546 0.809323728084564
1547 0.798613429069519
1548 0.7900430560112
1549 0.797491848468781
1550 0.798445522785187
1551 0.814001262187958
1552 0.806906044483185
1553 0.803644776344299
1554 0.804054081439972
1555 0.799775540828705
1556 0.801612496376038
1557 0.798475384712219
1558 0.794397950172424
1559 0.785310447216034
1560 0.777721166610718
1561 0.771291732788086
1562 0.77287769317627
1563 0.770001709461212
1564 0.771356582641602
1565 0.768306076526642
1566 0.779138803482056
1567 0.783150196075439
1568 0.766963303089142
1569 0.763961970806122
1570 0.764033615589142
1571 0.768530488014221
1572 0.771810710430145
1573 0.772597312927246
1574 0.773286521434784
1575 0.763916492462158
1576 0.767485916614532
1577 0.771124839782715
1578 0.762865304946899
1579 0.770083367824554
1580 0.765666484832764
1581 0.760854661464691
1582 0.758918941020966
1583 0.758590877056122
1584 0.763802707195282
1585 0.75805801153183
1586 0.755469739437103
1587 0.756688117980957
1588 0.764813482761383
1589 0.757788002490997
1590 0.756620645523071
1591 0.757963597774506
1592 0.753307521343231
1593 0.750527024269104
1594 0.74899160861969
1595 0.754256427288055
1596 0.752292990684509
1597 0.753078103065491
1598 0.752909719944
1599 0.755275428295135
1600 0.751053333282471
1601 0.757373154163361
1602 0.756230056285858
1603 0.762924253940582
1604 0.763908088207245
1605 0.755376994609833
1606 0.76387220621109
1607 0.760407388210297
1608 0.762368500232697
1609 0.762992441654205
1610 0.761314332485199
1611 0.767168164253235
1612 0.776585400104523
1613 0.777150452136993
1614 0.762799680233002
1615 0.765602290630341
1616 0.764045774936676
1617 0.749254524707794
1618 0.745667994022369
1619 0.757502675056458
1620 0.755214154720306
1621 0.751804172992706
1622 0.750374019145966
1623 0.743882775306702
1624 0.74116450548172
1625 0.74301952123642
1626 0.745348155498505
1627 0.7423095703125
1628 0.737630724906921
1629 0.74861466884613
1630 0.744669854640961
1631 0.743865251541138
1632 0.741352021694183
1633 0.736577808856964
1634 0.74033796787262
1635 0.733292400836945
1636 0.740849673748016
1637 0.734380960464478
1638 0.743965327739716
1639 0.730749070644379
1640 0.731888592243195
1641 0.746260344982147
1642 0.742596209049225
1643 0.753011643886566
1644 0.741268813610077
1645 0.751591503620148
1646 0.745935559272766
1647 0.737797260284424
1648 0.758037388324738
1649 0.748354315757751
1650 0.752669990062714
1651 0.741347670555115
1652 0.751195311546326
1653 0.752707958221436
1654 0.739473760128021
1655 0.757085919380188
1656 0.749706327915192
1657 0.771269917488098
1658 0.751094818115234
1659 0.760315537452698
1660 0.759463608264923
1661 0.746608316898346
1662 0.760839104652405
1663 0.743248581886292
1664 0.758476138114929
1665 0.743588864803314
1666 0.738723039627075
1667 0.762820363044739
1668 0.755334436893463
1669 0.756758332252502
1670 0.742105305194855
1671 0.753478050231934
1672 0.755025506019592
1673 0.749754190444946
1674 0.759156823158264
1675 0.755141377449036
1676 0.765047252178192
1677 0.761544227600098
1678 0.764282405376434
1679 0.763850033283234
1680 0.75935435295105
1681 0.768367946147919
1682 0.756199896335602
1683 0.763672947883606
1684 0.757178783416748
1685 0.750299751758575
1686 0.758307039737701
1687 0.749689400196075
1688 0.75179785490036
1689 0.750877797603607
1690 0.750625431537628
1691 0.750820577144623
1692 0.743724822998047
1693 0.748696744441986
1694 0.737366735935211
1695 0.744844675064087
1696 0.740871369838715
1697 0.74117773771286
1698 0.739796876907349
1699 0.731961071491241
1700 0.744320213794708
1701 0.738037288188934
1702 0.749781250953674
1703 0.751397550106049
1704 0.74505203962326
1705 0.750930845737457
1706 0.741243362426758
1707 0.758538842201233
1708 0.74522191286087
1709 0.748201668262482
1710 0.751425445079803
1711 0.739680051803589
1712 0.746793866157532
1713 0.747130513191223
1714 0.746822357177734
1715 0.742208421230316
1716 0.740986764431
1717 0.74808007478714
1718 0.742761790752411
1719 0.76333612203598
1720 0.758336246013641
1721 0.746259093284607
1722 0.749137580394745
1723 0.732793807983398
1724 0.741783082485199
1725 0.7431361079216
1726 0.741064012050629
1727 0.742757737636566
1728 0.745594620704651
1729 0.755374848842621
1730 0.738403379917145
1731 0.741194725036621
1732 0.747712075710297
1733 0.735391616821289
1734 0.747149288654327
1735 0.73348742723465
1736 0.744444310665131
1737 0.745200574398041
1738 0.741320431232452
1739 0.749535024166107
1740 0.749653935432434
1741 0.748755753040314
1742 0.736279904842377
1743 0.751074016094208
1744 0.755534708499908
1745 0.752202928066254
1746 0.754785656929016
1747 0.745025038719177
1748 0.751425921916962
1749 0.746961295604706
1750 0.75540965795517
1751 0.754356682300568
1752 0.75875723361969
1753 0.765128552913666
1754 0.756718993186951
1755 0.75993674993515
1756 0.748066186904907
1757 0.759896218776703
1758 0.764837920665741
1759 0.76607483625412
1760 0.77360600233078
1761 0.756512224674225
1762 0.774351298809052
1763 0.758395612239838
1764 0.764959096908569
1765 0.766734600067139
1766 0.753572583198547
1767 0.768195390701294
1768 0.751430511474609
1769 0.771183431148529
1770 0.769935250282288
1771 0.778671503067017
1772 0.778749167919159
1773 0.757928967475891
1774 0.778442621231079
1775 0.763422727584839
1776 0.774979293346405
1777 0.77387660741806
1778 0.77939909696579
1779 0.770656704902649
1780 0.756053149700165
1781 0.770069897174835
1782 0.762119233608246
1783 0.772275745868683
1784 0.779426991939545
1785 0.768464505672455
1786 0.77973085641861
1787 0.766571640968323
1788 0.774456918239594
1789 0.779472410678864
1790 0.784375548362732
1791 0.77935004234314
1792 0.769505262374878
1793 0.781034231185913
1794 0.764098286628723
1795 0.780517995357513
1796 0.769142270088196
1797 0.782245755195618
1798 0.776207149028778
1799 0.764811515808105
1800 0.777973711490631
1801 0.767545878887177
1802 0.773288667201996
1803 0.766178727149963
1804 0.762909531593323
1805 0.76701033115387
1806 0.758444845676422
1807 0.770460069179535
1808 0.76723313331604
1809 0.769920647144318
1810 0.774218559265137
1811 0.76935863494873
1812 0.773742914199829
1813 0.765009760856628
1814 0.77039510011673
1815 0.761639773845673
1816 0.762858986854553
1817 0.766824066638947
1818 0.755090653896332
1819 0.76165509223938
1820 0.754360616207123
1821 0.754871070384979
1822 0.75206845998764
1823 0.752596080303192
1824 0.756041586399078
1825 0.758387267589569
1826 0.76139497756958
1827 0.763001680374146
1828 0.76155161857605
1829 0.758521676063538
1830 0.758655488491058
1831 0.772425889968872
1832 0.763344407081604
1833 0.769398152828217
1834 0.76224148273468
1835 0.763452410697937
1836 0.774298369884491
1837 0.769769787788391
1838 0.773883044719696
1839 0.766629159450531
1840 0.767359793186188
1841 0.773810505867004
1842 0.778889536857605
1843 0.781673073768616
1844 0.782641410827637
1845 0.788122832775116
1846 0.787537217140198
1847 0.785160541534424
1848 0.780843436717987
1849 0.785881638526917
1850 0.789096117019653
1851 0.78580915927887
1852 0.780303239822388
1853 0.787283837795258
1854 0.792552173137665
1855 0.789706230163574
1856 0.806869328022003
1857 0.794587075710297
1858 0.800244152545929
1859 0.792253017425537
1860 0.788434028625488
1861 0.804242134094238
1862 0.787321984767914
1863 0.799800992012024
1864 0.796033143997192
1865 0.78978031873703
1866 0.800432205200195
1867 0.787864744663239
1868 0.803699016571045
1869 0.799034893512726
1870 0.794982254505157
1871 0.791345238685608
1872 0.795443892478943
1873 0.801539897918701
1874 0.787853121757507
1875 0.813373744487762
1876 0.805899798870087
1877 0.809364438056946
1878 0.810018658638
1879 0.806602418422699
1880 0.81927102804184
1881 0.797716200351715
1882 0.824159443378448
1883 0.807417988777161
1884 0.813390374183655
1885 0.809052288532257
1886 0.789226651191711
1887 0.813989579677582
1888 0.792478919029236
1889 0.807648658752441
1890 0.797549247741699
1891 0.797846615314484
1892 0.799804747104645
1893 0.781087338924408
1894 0.807555377483368
1895 0.789536714553833
1896 0.799002289772034
1897 0.790856540203094
1898 0.783553719520569
1899 0.801294326782227
1900 0.774494290351868
1901 0.807520389556885
1902 0.785170257091522
1903 0.794618308544159
1904 0.785050392150879
1905 0.769577980041504
1906 0.801136016845703
1907 0.776806652545929
1908 0.800469517707825
1909 0.783933281898499
1910 0.787951588630676
1911 0.792855739593506
1912 0.783501088619232
1913 0.806145131587982
1914 0.779543459415436
1915 0.801978707313538
1916 0.799298942089081
1917 0.799269676208496
1918 0.796417355537415
1919 0.777820646762848
1920 0.801873683929443
1921 0.77774053812027
1922 0.792315125465393
1923 0.783913493156433
1924 0.782189548015594
1925 0.789809048175812
1926 0.77877140045166
1927 0.800763785839081
1928 0.784668982028961
1929 0.807656288146973
1930 0.800739705562592
1931 0.796066284179688
1932 0.805124223232269
1933 0.799251019954681
1934 0.812880337238312
1935 0.788227200508118
1936 0.79983788728714
1937 0.789653062820435
1938 0.782447099685669
1939 0.802916705608368
1940 0.784153044223785
1941 0.800420880317688
1942 0.790815889835358
1943 0.789889633655548
1944 0.803409099578857
1945 0.789441764354706
1946 0.807566463947296
1947 0.78590315580368
1948 0.809178292751312
1949 0.799081742763519
1950 0.792299926280975
1951 0.810599625110626
1952 0.781621873378754
1953 0.807676315307617
1954 0.789250433444977
1955 0.80219566822052
1956 0.790576934814453
1957 0.790827453136444
1958 0.806352257728577
1959 0.785085499286652
1960 0.805329322814941
1961 0.791062116622925
1962 0.803036212921143
1963 0.801197052001953
1964 0.792928516864777
1965 0.812692761421204
1966 0.787497043609619
1967 0.817699253559113
1968 0.797126710414886
1969 0.798054039478302
1970 0.804870426654816
1971 0.790505349636078
1972 0.814514756202698
1973 0.789025068283081
1974 0.811083436012268
1975 0.79929131269455
1976 0.797920703887939
1977 0.810226380825043
1978 0.785731494426727
1979 0.805528104305267
1980 0.778223931789398
1981 0.788752734661102
1982 0.783786416053772
1983 0.783279359340668
1984 0.80258446931839
1985 0.772240459918976
1986 0.80096036195755
1987 0.779204308986664
1988 0.77634185552597
1989 0.776569187641144
1990 0.761597335338593
1991 0.787537753582001
1992 0.767563879489899
1993 0.790122926235199
1994 0.765999436378479
1995 0.774838805198669
1996 0.772203624248505
1997 0.761257112026215
1998 0.789254367351532
1999 0.76108980178833
