0 0
98304 3.70239234825931e-07
196608 7.92585012732161e-07
294912 6.62377124172053e-06
393216 1.42628366006647e-07
491520 5.11781252043875e-07
589824 1.10224209493026e-06
688128 3.08418611894012e-06
786432 5.0148054242527e-07
884736 1.08363349227147e-06
983040 4.40543362856261e-06
1081344 2.57239207712701e-05
1179648 8.32828009151854e-05
1277952 0.000390222849091515
1376256 0.000489816360641271
1474560 0.000766569341067225
1572864 0.00125993811525404
1671168 0.00144306314177811
1769472 0.00237556593492627
1867776 0.00246705370955169
1966080 0.00407229131087661
2064384 0.00483169313520193
2162688 0.00507131358608603
2260992 0.00615645153447986
2359296 0.00786171015352011
2457600 0.010734255425632
2555904 0.0106460256502032
2654208 0.0121291745454073
2752512 0.0161413047462702
2850816 0.0177171751856804
2949120 0.0190202631056309
3047424 0.0211522430181503
3145728 0.0222881715744734
3244032 0.0234118308871984
3342336 0.0231367349624634
3440640 0.0273787565529346
3538944 0.0298374481499195
3637248 0.0351278223097324
3735552 0.0399507097899914
3833856 0.0439338646829128
3932160 0.0479899980127811
4030464 0.0525391176342964
4128768 0.0600302331149578
4227072 0.0662465542554855
4325376 0.0674324482679367
4423680 0.0736980885267258
4521984 0.0800336375832558
4620288 0.0868556797504425
4718592 0.0930267199873924
4816896 0.104642927646637
4915200 0.123370289802551
5013504 0.137406513094902
5111808 0.154430463910103
5210112 0.159301996231079
5308416 0.165267869830132
5406720 0.179427891969681
5505024 0.193032845854759
5603328 0.200887709856033
5701632 0.212760359048843
5799936 0.231233462691307
5898240 0.250130325555801
5996544 0.255845099687576
6094848 0.258094877004623
6193152 0.26019498705864
6291456 0.257212549448013
6389760 0.261801928281784
6488064 0.274604290723801
6586368 0.280895382165909
6684672 0.290349692106247
6782976 0.304886698722839
6881280 0.300789833068848
6979584 0.305862456560135
7077888 0.323253959417343
7176192 0.326680183410645
7274496 0.341898858547211
7372800 0.365140527486801
7471104 0.366749495267868
7569408 0.377923458814621
7667712 0.392975747585297
7766016 0.400728791952133
7864320 0.407631874084473
7962624 0.414210379123688
8060928 0.40450057387352
8159232 0.427679449319839
8257536 0.450828552246094
8355840 0.456070899963379
8454144 0.469611018896103
8552448 0.484896391630173
8650752 0.489966303110123
8749056 0.503803253173828
8847360 0.515828430652618
8945664 0.535625696182251
9043968 0.525549471378326
9142272 0.554542660713196
9240576 0.57465136051178
9338880 0.586002767086029
9437184 0.594073534011841
9535488 0.620155990123749
9633792 0.619746685028076
9732096 0.647704124450684
9830400 0.663727223873138
9928704 0.677615284919739
10027008 0.675244331359863
10125312 0.672581851482391
10223616 0.665270209312439
10321920 0.693414628505707
10420224 0.682705104351044
10518528 0.663853824138641
10616832 0.649191796779633
10715136 0.650431931018829
10813440 0.656120717525482
10911744 0.661551594734192
11010048 0.686332702636719
11108352 0.695697844028473
11206656 0.715432941913605
11304960 0.715080261230469
11403264 0.730462908744812
11501568 0.749318420886993
11599872 0.742408931255341
11698176 0.735614836215973
11796480 0.747580528259277
11894784 0.748643577098846
11993088 0.759181141853333
12091392 0.755769371986389
12189696 0.720041871070862
12288000 0.709819734096527
12386304 0.723426759243011
12484608 0.72832840681076
12582912 0.726403176784515
12681216 0.738065898418427
12779520 0.727221190929413
12877824 0.755059361457825
12976128 0.754974007606506
13074432 0.763933956623077
13172736 0.772410213947296
13271040 0.784369170665741
13369344 0.769059419631958
13467648 0.800583779811859
13565952 0.822408378124237
13664256 0.818489193916321
13762560 0.846853911876678
13860864 0.845096051692963
13959168 0.856695175170898
14057472 0.867254674434662
14155776 0.870235085487366
14254080 0.884616494178772
14352384 0.884332835674286
14450688 0.882217526435852
14548992 0.891699254512787
14647296 0.887116730213165
14745600 0.908020615577698
14843904 0.913565456867218
14942208 0.924782872200012
15040512 0.921593487262726
15138816 0.924201965332031
15237120 0.917850494384766
15335424 0.892913043498993
15433728 0.895672976970673
15532032 0.914310932159424
15630336 0.913568019866943
15728640 0.927750706672668
15826944 0.931934773921967
15925248 0.918379604816437
16023552 0.929665982723236
16121856 0.934695065021515
16220160 0.921168446540833
16318464 0.929202079772949
16416768 0.946734845638275
16515072 0.944907188415527
16613376 0.935341477394104
16711680 0.936590969562531
16809984 0.929353356361389
16908288 0.926938474178314
17006592 0.935576438903809
17104896 0.96107691526413
17203200 0.961422920227051
17301504 0.950505912303925
17399808 0.986291825771332
17498112 0.981067657470703
17596416 0.982258021831512
17694720 0.984935402870178
17793024 1.00473392009735
17891328 0.988592565059662
17989632 1.00597560405731
18087936 1.00594985485077
18186240 1.00241851806641
18284544 1.02713477611542
18382848 1.01693296432495
18481152 1.00793099403381
18579456 1.00102400779724
18677760 1.01452386379242
18776064 1.014763712883
18874368 1.01275050640106
18972672 1.0065780878067
19070976 1.01060104370117
19169280 1.01201319694519
19267584 0.982683658599854
19365888 0.984507262706757
19464192 0.994652688503265
19562496 0.992838680744171
19660800 0.992390751838684
19759104 0.998601734638214
19857408 0.997248828411102
19955712 1.00191593170166
20054016 1.01784884929657
20152320 1.02343273162842
20250624 1.04417836666107
20348928 1.07404983043671
20447232 1.061856508255
20545536 1.07221055030823
20643840 1.05085575580597
20742144 1.04630374908447
20840448 1.05717599391937
20938752 1.04987525939941
21037056 1.06019043922424
21135360 1.07700419425964
21233664 1.0681711435318
21331968 1.05896854400635
21430272 1.08651316165924
21528576 1.0916633605957
21626880 1.09733235836029
21725184 1.09664332866669
21823488 1.08780431747437
21921792 1.08354592323303
22020096 1.08292007446289
22118400 1.06581103801727
22216704 1.08251678943634
22315008 1.11003530025482
22413312 1.08838295936584
22511616 1.09221398830414
22609920 1.095050573349
22708224 1.09308862686157
22806528 1.10301244258881
22904832 1.08789527416229
23003136 1.10619699954987
23101440 1.1061475276947
23199744 1.12188506126404
23298048 1.11112713813782
23396352 1.13232839107513
23494656 1.12914299964905
23592960 1.12462866306305
23691264 1.18934118747711
23789568 1.15226018428802
23887872 1.13564622402191
23986176 1.16343760490417
24084480 1.15651059150696
24182784 1.14042246341705
24281088 1.16498708724976
24379392 1.16226327419281
24477696 1.17731630802155
24576000 1.17944705486298
24674304 1.17354023456573
24772608 1.1691061258316
24870912 1.1753443479538
24969216 1.17071044445038
25067520 1.17754745483398
25165824 1.18482100963593
25264128 1.17543113231659
25362432 1.16817653179169
25460736 1.18820524215698
25559040 1.18656766414642
25657344 1.18325328826904
25755648 1.21227073669434
25853952 1.24175727367401
25952256 1.21677052974701
26050560 1.23993146419525
26148864 1.23830020427704
26247168 1.25339686870575
26345472 1.27289640903473
26443776 1.27233564853668
26542080 1.270867228508
26640384 1.286789894104
26738688 1.29444921016693
26836992 1.29657351970673
26935296 1.29335868358612
27033600 1.30425870418549
27131904 1.27940213680267
27230208 1.28194975852966
27328512 1.29546868801117
27426816 1.28948593139648
27525120 1.3085675239563
27623424 1.29543495178223
27721728 1.30983984470367
27820032 1.309415102005
27918336 1.29135751724243
28016640 1.29750859737396
28114944 1.28282952308655
28213248 1.28603410720825
28311552 1.28475344181061
28409856 1.27738785743713
28508160 1.2715812921524
28606464 1.29381775856018
28704768 1.26634109020233
28803072 1.25411403179169
28901376 1.30788481235504
28999680 1.30355381965637
29097984 1.27574121952057
29196288 1.29475390911102
29294592 1.28271734714508
29392896 1.2819048166275
29491200 1.30909276008606
29589504 1.27624011039734
29687808 1.25543296337128
29786112 1.30036103725433
29884416 1.27331948280334
29982720 1.27738177776337
30081024 1.27533745765686
30179328 1.24223268032074
30277632 1.23850214481354
30375936 1.2627375125885
30474240 1.22671699523926
30572544 1.23788297176361
30670848 1.25389158725739
30769152 1.2575945854187
30867456 1.25163197517395
30965760 1.27600634098053
31064064 1.27162444591522
31162368 1.30322551727295
31260672 1.32338035106659
31358976 1.27626073360443
31457280 1.27103507518768
31555584 1.24056994915009
31653888 1.24495780467987
31752192 1.24300527572632
31850496 1.25101745128632
31948800 1.24233949184418
32047104 1.21494781970978
32145408 1.24545550346375
32243712 1.27374482154846
32342016 1.24493968486786
32440320 1.22370970249176
32538624 1.19976127147675
32636928 1.23253440856934
32735232 1.21155190467834
32833536 1.17358207702637
32931840 1.19165313243866
33030144 1.16385626792908
33128448 1.1370347738266
33226752 1.1874874830246
33325056 1.18647944927216
33423360 1.15534222126007
33521664 1.17549705505371
33619968 1.15951788425446
33718272 1.12484955787659
33816576 1.15256357192993
33914880 1.14091718196869
34013184 1.14591503143311
34111488 1.17339611053467
34209792 1.16351890563965
34308096 1.16360056400299
34406400 1.16078984737396
34504704 1.15479373931885
34603008 1.13607716560364
34701312 1.13825416564941
34799616 1.15086114406586
34897920 1.15261673927307
34996224 1.16287517547607
35094528 1.14009988307953
35192832 1.14132249355316
35291136 1.15851783752441
35389440 1.13927209377289
35487744 1.12191808223724
35586048 1.14168763160706
35684352 1.11960685253143
35782656 1.14369606971741
35880960 1.15027248859406
35979264 1.14095342159271
36077568 1.1277322769165
36175872 1.1319831609726
36274176 1.11378276348114
36372480 1.11320316791534
36470784 1.11560821533203
36569088 1.11691999435425
36667392 1.16688930988312
36765696 1.16853606700897
36864000 1.14871525764465
36962304 1.17283952236176
37060608 1.15224742889404
37158912 1.13217532634735
37257216 1.14803433418274
37355520 1.15327501296997
37453824 1.14725196361542
37552128 1.16216814517975
37650432 1.14865624904633
37748736 1.1353452205658
37847040 1.15085875988007
37945344 1.14556729793549
38043648 1.15005099773407
38141952 1.17165684700012
38240256 1.16025710105896
38338560 1.161980509758
38436864 1.14032459259033
38535168 1.14003396034241
38633472 1.14246702194214
38731776 1.16393601894379
38830080 1.15117514133453
38928384 1.1333235502243
39026688 1.16229641437531
39124992 1.11724579334259
39223296 1.11501657962799
39321600 1.1167688369751
39419904 1.11930024623871
39518208 1.10448348522186
39616512 1.11944448947906
39714816 1.10271215438843
39813120 1.0702291727066
39911424 1.11506724357605
40009728 1.08855843544006
40108032 1.10134541988373
40206336 1.09997880458832
40304640 1.07651972770691
40402944 1.09506249427795
40501248 1.09448742866516
40599552 1.08724403381348
40697856 1.10579299926758
40796160 1.11674964427948
40894464 1.09524583816528
40992768 1.08356654644012
41091072 1.10498464107513
41189376 1.06875503063202
41287680 1.07213294506073
41385984 1.06075322628021
41484288 1.05753552913666
41582592 1.05672287940979
41680896 1.0640070438385
41779200 1.03579235076904
41877504 1.0496279001236
41975808 1.06378996372223
42074112 1.01710975170135
42172416 1.03583598136902
42270720 1.04229724407196
42369024 1.02546072006226
42467328 1.02495920658112
42565632 1.02303636074066
42663936 1.04076254367828
42762240 1.04009556770325
42860544 1.01058983802795
42958848 0.997728645801544
43057152 1.02654469013214
43155456 1.01726746559143
43253760 1.00640523433685
43352064 1.03390622138977
43450368 1.01441156864166
43548672 1.00424027442932
43646976 1.01343953609467
43745280 0.998546600341797
43843584 0.994020640850067
43941888 1.02802205085754
44040192 1.04389894008636
44138496 1.02124774456024
44236800 1.00024211406708
44335104 0.994598388671875
44433408 0.982021152973175
44531712 1.02789664268494
44630016 1.00479745864868
44728320 1.00619959831238
44826624 1.00948810577393
44924928 0.989965081214905
45023232 1.00393438339233
45121536 0.995755016803741
45219840 0.975485503673553
45318144 0.98103141784668
45416448 0.990464389324188
45514752 1.00629889965057
45613056 1.00191378593445
45711360 1.01331698894501
45809664 1.00714385509491
45907968 1.02444803714752
46006272 1.02465879917145
46104576 0.986441075801849
46202880 1.00437247753143
46301184 0.983574569225311
46399488 0.993825733661652
46497792 1.00800168514252
46596096 0.993571937084198
46694400 0.992994010448456
46792704 0.984169661998749
46891008 0.97900116443634
46989312 0.968844830989838
47087616 0.982956826686859
47185920 0.980178475379944
47284224 0.963587880134583
47382528 0.988889992237091
47480832 0.98513525724411
47579136 0.963329136371613
47677440 0.977211594581604
47775744 0.962164998054504
47874048 0.968567669391632
47972352 0.974860787391663
48070656 0.974647343158722
48168960 0.969401776790619
48267264 0.966353416442871
48365568 0.976734459400177
48463872 0.966930866241455
48562176 0.974410831928253
48660480 0.965123355388641
48758784 0.963561952114105
48857088 0.976967453956604
48955392 0.964939117431641
49053696 0.954155147075653
49152000 0.956192314624786
49250304 0.946132004261017
49348608 0.945452392101288
49446912 0.956088185310364
49545216 0.92777407169342
49643520 0.926889061927795
49741824 0.934138774871826
49840128 0.909981906414032
49938432 0.928464412689209
50036736 0.921429634094238
50135040 0.918600022792816
50233344 0.919463574886322
50331648 0.923591613769531
50429952 0.92173844575882
50528256 0.922147750854492
50626560 0.917224824428558
50724864 0.916846096515656
50823168 0.913727223873138
50921472 0.911817193031311
51019776 0.908609986305237
51118080 0.901446521282196
51216384 0.900868058204651
51314688 0.900368869304657
51412992 0.881589353084564
51511296 0.887098431587219
51609600 0.887889206409454
51707904 0.888658940792084
51806208 0.885613083839417
51904512 0.891388535499573
52002816 0.89295893907547
52101120 0.891836166381836
52199424 0.88525003194809
52297728 0.887964189052582
52396032 0.891843974590302
52494336 0.881639182567596
52592640 0.892013072967529
52690944 0.880293667316437
52789248 0.869843423366547
52887552 0.864657521247864
52985856 0.866749584674835
53084160 0.859246730804443
53182464 0.859729290008545
53280768 0.861782848834991
53379072 0.854453086853027
53477376 0.859265446662903
53575680 0.861448884010315
53673984 0.862330853939056
53772288 0.86393529176712
53870592 0.852964580059052
53968896 0.870091438293457
54067200 0.870666801929474
54165504 0.884390532970428
54263808 0.857215106487274
54362112 0.866076648235321
54460416 0.850925445556641
54558720 0.836148262023926
54657024 0.85856020450592
54755328 0.852087795734406
54853632 0.852488338947296
54951936 0.849283516407013
55050240 0.842682063579559
55148544 0.850525498390198
55246848 0.85856431722641
55345152 0.845592677593231
55443456 0.867500603199005
55541760 0.870743751525879
55640064 0.858211517333984
55738368 0.848843395709991
55836672 0.859198987483978
55934976 0.843322098255157
56033280 0.835150897502899
56131584 0.842761635780334
56229888 0.826219379901886
56328192 0.809552609920502
56426496 0.830276668071747
56524800 0.827431380748749
56623104 0.80903548002243
56721408 0.820051491260529
56819712 0.809609055519104
56918016 0.816499531269073
57016320 0.814875602722168
57114624 0.808423638343811
57212928 0.817838132381439
57311232 0.828446209430695
57409536 0.808714985847473
57507840 0.80911773443222
57606144 0.797535121440887
57704448 0.802935540676117
57802752 0.81328946352005
57901056 0.787109851837158
57999360 0.780217826366425
58097664 0.760528266429901
58195968 0.786744177341461
58294272 0.765808761119843
58392576 0.767263233661652
58490880 0.784668445587158
58589184 0.764450669288635
58687488 0.775182664394379
58785792 0.777105629444122
58884096 0.782122075557709
58982400 0.771349132061005
59080704 0.767177760601044
59179008 0.768284380435944
59277312 0.761146664619446
59375616 0.776159703731537
59473920 0.77007794380188
59572224 0.767802298069
59670528 0.756841123104095
59768832 0.74932998418808
59867136 0.751954734325409
59965440 0.743981182575226
60063744 0.738689184188843
60162048 0.725120544433594
60260352 0.725062489509583
60358656 0.724825501441956
60456960 0.717620551586151
60555264 0.718344926834106
60653568 0.710758149623871
60751872 0.714946568012238
60850176 0.719896733760834
60948480 0.704758584499359
61046784 0.714210331439972
61145088 0.708007574081421
61243392 0.708183705806732
61341696 0.697189271450043
61440000 0.704232513904572
61538304 0.702898144721985
61636608 0.704369902610779
61734912 0.70610237121582
61833216 0.693856418132782
61931520 0.705457627773285
62029824 0.700028240680695
62128128 0.695692658424377
62226432 0.69788783788681
62324736 0.697223842144012
62423040 0.684542655944824
62521344 0.681912839412689
62619648 0.688847661018372
62717952 0.670566201210022
62816256 0.677168846130371
62914560 0.674985885620117
63012864 0.66802591085434
63111168 0.677286922931671
63209472 0.67987722158432
63307776 0.663345158100128
63406080 0.668381094932556
63504384 0.669832527637482
63602688 0.67367947101593
63700992 0.67504358291626
63799296 0.681664109230042
63897600 0.674599587917328
63995904 0.680277168750763
64094208 0.66749382019043
64192512 0.66292142868042
64290816 0.683316648006439
64389120 0.668516576290131
64487424 0.662634193897247
64585728 0.666852712631226
64684032 0.663567543029785
64782336 0.666086375713348
64880640 0.659538447856903
64978944 0.671314120292664
65077248 0.666708111763
65175552 0.681591331958771
65273856 0.665907621383667
65372160 0.672990381717682
65470464 0.673931777477264
65568768 0.65817254781723
65667072 0.678778290748596
65765376 0.672021806240082
65863680 0.677359342575073
65961984 0.671393871307373
66060288 0.679206073284149
66158592 0.687995076179504
66256896 0.682321310043335
66355200 0.687013566493988
66453504 0.68031895160675
66551808 0.684190392494202
66650112 0.67560338973999
66748416 0.677564799785614
66846720 0.693847358226776
66945024 0.704123437404633
67043328 0.714782774448395
67141632 0.701548039913177
67239936 0.709954559803009
67338240 0.710357964038849
67436544 0.705287754535675
67534848 0.719848871231079
67633152 0.706113934516907
67731456 0.718177735805511
67829760 0.710945785045624
67928064 0.71527498960495
68026368 0.71958726644516
68124672 0.729138553142548
68222976 0.732065558433533
68321280 0.726306080818176
68419584 0.732955515384674
68517888 0.721430599689484
68616192 0.733507633209229
68714496 0.733665645122528
68812800 0.740838944911957
68911104 0.747973740100861
69009408 0.745169520378113
69107712 0.748923420906067
69206016 0.735487461090088
69304320 0.734780609607697
69402624 0.723623991012573
69500928 0.722270369529724
69599232 0.728337466716766
69697536 0.71622508764267
69795840 0.721783638000488
69894144 0.717846393585205
69992448 0.711595714092255
70090752 0.722241699695587
70189056 0.715550661087036
70287360 0.710318207740784
70385664 0.716819941997528
70483968 0.718430280685425
70582272 0.735350906848907
70680576 0.733783781528473
70778880 0.735631227493286
70877184 0.734008371829987
70975488 0.739533722400665
71073792 0.732507288455963
71172096 0.731277883052826
71270400 0.735650897026062
71368704 0.734508991241455
71467008 0.737938821315765
71565312 0.737140834331512
71663616 0.738128840923309
71761920 0.729998648166656
71860224 0.736200153827667
71958528 0.740878045558929
72056832 0.726751983165741
72155136 0.742725193500519
72253440 0.741911649703979
72351744 0.745324492454529
72450048 0.741754293441772
72548352 0.738691568374634
72646656 0.738192856311798
72744960 0.736132800579071
72843264 0.738628089427948
72941568 0.753263056278229
73039872 0.756943345069885
73138176 0.731961011886597
73236480 0.727722585201263
73334784 0.732414066791534
73433088 0.726239621639252
73531392 0.726615309715271
73629696 0.732545554637909
73728000 0.74080890417099
73826304 0.730997204780579
73924608 0.725242435932159
74022912 0.730517029762268
74121216 0.728229641914368
74219520 0.736117780208588
74317824 0.733478903770447
74416128 0.733037352561951
74514432 0.73670095205307
74612736 0.742170810699463
74711040 0.754158794879913
74809344 0.757896780967712
74907648 0.745600402355194
75005952 0.746563374996185
75104256 0.737975001335144
75202560 0.735027492046356
75300864 0.740329742431641
75399168 0.736079633235931
75497472 0.729504585266113
75595776 0.72629988193512
75694080 0.730376124382019
75792384 0.724134147167206
75890688 0.721671998500824
75988992 0.725730538368225
76087296 0.724651038646698
76185600 0.723937630653381
76283904 0.715730488300323
76382208 0.717275619506836
76480512 0.725996494293213
76578816 0.720022857189178
76677120 0.717995703220367
76775424 0.713848292827606
76873728 0.727004528045654
76972032 0.709276974201202
77070336 0.722594320774078
77168640 0.71912956237793
77266944 0.706013679504395
77365248 0.724815666675568
77463552 0.720872819423676
77561856 0.734110653400421
77660160 0.722894966602325
77758464 0.732301235198975
77856768 0.735573470592499
77955072 0.71297949552536
78053376 0.729971170425415
78151680 0.719365060329437
78249984 0.726073205471039
78348288 0.727328598499298
78446592 0.708780229091644
78544896 0.726635456085205
78643200 0.718007504940033
78741504 0.727493941783905
78839808 0.711646318435669
78938112 0.718949854373932
79036416 0.726934552192688
79134720 0.70233017206192
79233024 0.714695811271667
79331328 0.70522129535675
79429632 0.721957325935364
79527936 0.721108913421631
79626240 0.716541528701782
79724544 0.731257379055023
79822848 0.703208327293396
79921152 0.714389383792877
80019456 0.697230994701385
80117760 0.696389675140381
80216064 0.703686892986298
80314368 0.69671106338501
80412672 0.706606984138489
80510976 0.693744122982025
80609280 0.697478890419006
80707584 0.688666045665741
80805888 0.685038685798645
80904192 0.695016980171204
81002496 0.674212694168091
81100800 0.696905791759491
81199104 0.699360847473145
81297408 0.695981502532959
81395712 0.69918829202652
81494016 0.696104168891907
81592320 0.695490956306458
81690624 0.698681533336639
81788928 0.704377472400665
81887232 0.69974422454834
81985536 0.688030421733856
82083840 0.695679903030396
82182144 0.686809778213501
82280448 0.710833668708801
82378752 0.711722016334534
82477056 0.705295324325562
82575360 0.704412639141083
82673664 0.694147646427155
82771968 0.711700916290283
82870272 0.693878889083862
82968576 0.706478357315063
83066880 0.703684151172638
83165184 0.698283493518829
83263488 0.70718652009964
83361792 0.680955171585083
83460096 0.698945343494415
83558400 0.699865639209747
83656704 0.709492027759552
83755008 0.7016921043396
83853312 0.698718726634979
83951616 0.709640443325043
84049920 0.694455325603485
84148224 0.710493445396423
84246528 0.710472583770752
84344832 0.707853317260742
84443136 0.712032496929169
84541440 0.690264999866486
84639744 0.708687841892242
84738048 0.697352707386017
84836352 0.710021674633026
84934656 0.715285658836365
85032960 0.713427722454071
85131264 0.722284734249115
85229568 0.707965195178986
85327872 0.724886059761047
85426176 0.725822389125824
85524480 0.720754981040955
85622784 0.710096061229706
85721088 0.708596706390381
85819392 0.717479944229126
85917696 0.711803257465363
86016000 0.72681325674057
86114304 0.726465344429016
86212608 0.728071808815002
86310912 0.736920058727264
86409216 0.728571712970734
86507520 0.742255628108978
86605824 0.738810181617737
86704128 0.733109474182129
86802432 0.724556386470795
86900736 0.723187625408173
86999040 0.731591641902924
87097344 0.720620691776276
87195648 0.725129783153534
87293952 0.727855622768402
87392256 0.740350008010864
87490560 0.723070561885834
87588864 0.728213429450989
87687168 0.73756355047226
87785472 0.728517949581146
87883776 0.729267776012421
87982080 0.721671104431152
88080384 0.734878063201904
88178688 0.731833100318909
88276992 0.724504947662354
88375296 0.74090701341629
88473600 0.720386326313019
88571904 0.740876376628876
88670208 0.719347894191742
88768512 0.729058086872101
88866816 0.73266327381134
88965120 0.722011268138885
89063424 0.719146907329559
89161728 0.728343605995178
89260032 0.745446503162384
89358336 0.731390833854675
89456640 0.733232021331787
89554944 0.722151160240173
89653248 0.730591893196106
89751552 0.728104293346405
89849856 0.729187846183777
89948160 0.741922378540039
90046464 0.740125596523285
90144768 0.740413844585419
90243072 0.746380925178528
90341376 0.743998944759369
90439680 0.754358887672424
90537984 0.749594688415527
90636288 0.745889961719513
90734592 0.738080263137817
90832896 0.737993836402893
90931200 0.748480439186096
91029504 0.7480229139328
91127808 0.765213549137115
91226112 0.746087610721588
91324416 0.735227525234222
91422720 0.735647618770599
91521024 0.734486401081085
91619328 0.749013900756836
91717632 0.734128654003143
91815936 0.74657529592514
91914240 0.748651266098022
92012544 0.737765431404114
92110848 0.741664350032806
92209152 0.74572628736496
92307456 0.76453024148941
92405760 0.755125463008881
92504064 0.739833116531372
92602368 0.755662143230438
92700672 0.744775354862213
92798976 0.736715137958527
92897280 0.754155099391937
92995584 0.745109379291534
93093888 0.740278720855713
93192192 0.740048050880432
93290496 0.743537187576294
93388800 0.738042414188385
93487104 0.737931251525879
93585408 0.736636698246002
93683712 0.741732239723206
93782016 0.736314117908478
93880320 0.741476118564606
93978624 0.726721525192261
94076928 0.73557311296463
94175232 0.744014322757721
94273536 0.740548729896545
94371840 0.727039575576782
94470144 0.7276291847229
94568448 0.728056132793427
94666752 0.729252517223358
94765056 0.73119181394577
94863360 0.720757007598877
94961664 0.728801548480988
95059968 0.714969635009766
95158272 0.729626893997192
95256576 0.718907296657562
95354880 0.732226490974426
95453184 0.73155552148819
95551488 0.733645379543304
95649792 0.730231463909149
95748096 0.726432502269745
95846400 0.740405023097992
95944704 0.719712674617767
96043008 0.734550654888153
96141312 0.731678485870361
96239616 0.729933440685272
96337920 0.737636029720306
96436224 0.728506863117218
96534528 0.734804928302765
96632832 0.72221440076828
96731136 0.737391233444214
96829440 0.736397504806519
96927744 0.72233372926712
97026048 0.749291837215424
97124352 0.732926070690155
97222656 0.745769560337067
97320960 0.740375459194183
97419264 0.738377511501312
97517568 0.747105538845062
97615872 0.724088668823242
97714176 0.749301314353943
97812480 0.733232200145721
97910784 0.745640575885773
98009088 0.748110234737396
98107392 0.748105525970459
98205696 0.764505684375763
98304000 0.742140471935272
98402304 0.76427698135376
98500608 0.741413354873657
98598912 0.761999011039734
98697216 0.759396970272064
98795520 0.751332938671112
98893824 0.769475400447845
98992128 0.767876088619232
99090432 0.769807040691376
99188736 0.76809173822403
99287040 0.77322906255722
99385344 0.773141980171204
99483648 0.755833566188812
99581952 0.77061402797699
99680256 0.757299542427063
99778560 0.761625945568085
99876864 0.761631309986115
99975168 0.761537373065948
100073472 0.767045021057129
100171776 0.761177718639374
100270080 0.766180217266083
100368384 0.763407826423645
100466688 0.762975871562958
100564992 0.770630657672882
100663296 0.760615468025208
100761600 0.77616423368454
100859904 0.781076967716217
100958208 0.794931888580322
101056512 0.793935179710388
101154816 0.784583270549774
101253120 0.793328464031219
101351424 0.787336826324463
101449728 0.782159507274628
101548032 0.774825036525726
101646336 0.790237843990326
101744640 0.790011882781982
101842944 0.779631614685059
101941248 0.799574494361877
102039552 0.783877849578857
102137856 0.793809294700623
102236160 0.785317242145538
102334464 0.785173296928406
102432768 0.783305287361145
102531072 0.781614005565643
102629376 0.78725403547287
102727680 0.789879441261292
102825984 0.78948312997818
102924288 0.79479855298996
103022592 0.784382522106171
103120896 0.797989308834076
103219200 0.77688467502594
103317504 0.795564591884613
103415808 0.78507137298584
103514112 0.778421759605408
103612416 0.779701173305511
103710720 0.780936777591705
103809024 0.790676534175873
103907328 0.78462153673172
104005632 0.784246265888214
104103936 0.781120419502258
104202240 0.787078559398651
104300544 0.793119609355927
104398848 0.781089305877686
104497152 0.795308351516724
104595456 0.79953920841217
104693760 0.800967395305634
104792064 0.793670296669006
104890368 0.792675495147705
104988672 0.794357597827911
105086976 0.789348602294922
105185280 0.795948326587677
105283584 0.791817665100098
105381888 0.797393441200256
105480192 0.790203273296356
105578496 0.800953388214111
105676800 0.805429458618164
105775104 0.801126480102539
105873408 0.804848849773407
105971712 0.798497140407562
106070016 0.804275453090668
106168320 0.816671848297119
106266624 0.796569049358368
106364928 0.796144187450409
106463232 0.796901643276215
106561536 0.811623990535736
106659840 0.796668827533722
106758144 0.7884401679039
106856448 0.799767673015594
106954752 0.797027051448822
107053056 0.790531277656555
107151360 0.796128511428833
107249664 0.791163384914398
107347968 0.795098602771759
107446272 0.787474036216736
107544576 0.790767848491669
107642880 0.796606838703156
107741184 0.782440006732941
107839488 0.791154980659485
107937792 0.794752895832062
108036096 0.804076194763184
108134400 0.796893954277039
108232704 0.796972930431366
108331008 0.80438107252121
108429312 0.798355460166931
108527616 0.80848753452301
108625920 0.816683948040009
108724224 0.80314964056015
108822528 0.798219382762909
108920832 0.80213338136673
109019136 0.813104331493378
109117440 0.809051334857941
109215744 0.815219819545746
109314048 0.807113647460938
109412352 0.812151908874512
109510656 0.812277495861053
109608960 0.806766510009766
109707264 0.813926875591278
109805568 0.804363667964935
109903872 0.820330142974854
110002176 0.803753077983856
110100480 0.82850569486618
110198784 0.807348251342773
110297088 0.811798393726349
110395392 0.79567164182663
110493696 0.804628551006317
110592000 0.809381306171417
110690304 0.792689740657806
110788608 0.797294139862061
110886912 0.803368508815765
110985216 0.791615307331085
111083520 0.799464344978333
111181824 0.785806953907013
111280128 0.811499416828156
111378432 0.79479593038559
111476736 0.798009276390076
111575040 0.792167067527771
111673344 0.785070419311523
111771648 0.803334414958954
111869952 0.781783282756805
111968256 0.792179644107819
112066560 0.78209513425827
112164864 0.797304809093475
112263168 0.789765059947968
112361472 0.786988258361816
112459776 0.802541553974152
112558080 0.790642082691193
112656384 0.796669900417328
112754688 0.789501309394836
112852992 0.78002518415451
112951296 0.788309693336487
113049600 0.787727832794189
113147904 0.792549431324005
113246208 0.786961734294891
113344512 0.793491005897522
113442816 0.802129089832306
113541120 0.791946411132812
113639424 0.796071588993073
113737728 0.791598856449127
113836032 0.803839504718781
113934336 0.798260748386383
114032640 0.782558262348175
114130944 0.788906574249268
114229248 0.77830296754837
114327552 0.787318706512451
114425856 0.791413486003876
114524160 0.790235221385956
114622464 0.792485296726227
114720768 0.801984250545502
114819072 0.793363273143768
114917376 0.801629245281219
115015680 0.785152852535248
115113984 0.786068081855774
115212288 0.786128580570221
115310592 0.800568997859955
115408896 0.793395698070526
115507200 0.779725790023804
115605504 0.802392423152924
115703808 0.793021023273468
115802112 0.806395053863525
115900416 0.789047181606293
115998720 0.793837428092957
116097024 0.799069464206696
116195328 0.790053963661194
116293632 0.798805713653564
116391936 0.799818158149719
116490240 0.797520339488983
116588544 0.806144535541534
116686848 0.793607473373413
116785152 0.818054378032684
116883456 0.800336301326752
116981760 0.810977876186371
117080064 0.810750782489777
117178368 0.801432430744171
117276672 0.805246472358704
117374976 0.79290759563446
117473280 0.807619094848633
117571584 0.802343368530273
117669888 0.800414025783539
117768192 0.809020459651947
117866496 0.793158292770386
117964800 0.812431752681732
118063104 0.79890114068985
118161408 0.803050816059113
118259712 0.810472130775452
118358016 0.793457865715027
118456320 0.813861310482025
118554624 0.806462466716766
118652928 0.816482961177826
118751232 0.807224094867706
118849536 0.800188362598419
118947840 0.811850011348724
119046144 0.796587586402893
119144448 0.804383099079132
119242752 0.78605717420578
119341056 0.799387753009796
119439360 0.80164635181427
119537664 0.794616758823395
119635968 0.800818860530853
119734272 0.796471536159515
119832576 0.791784882545471
119930880 0.80412769317627
120029184 0.793122828006744
120127488 0.801419675350189
120225792 0.792898297309875
120324096 0.803253650665283
120422400 0.795588135719299
120520704 0.798812031745911
120619008 0.797689199447632
120717312 0.789071023464203
120815616 0.798516094684601
120913920 0.791475713253021
121012224 0.794345140457153
121110528 0.795871138572693
121208832 0.789307713508606
121307136 0.796456038951874
121405440 0.78838586807251
121503744 0.807806491851807
121602048 0.806277751922607
121700352 0.798923194408417
121798656 0.812906563282013
121896960 0.788706243038177
121995264 0.811603009700775
122093568 0.792559564113617
122191872 0.802669644355774
122290176 0.802358448505402
122388480 0.793520629405975
122486784 0.809257328510284
122585088 0.790295958518982
122683392 0.799698054790497
122781696 0.787769496440887
122880000 0.779314935207367
122978304 0.780924737453461
123076608 0.770882189273834
123174912 0.78249579668045
123273216 0.770803868770599
123371520 0.777317643165588
123469824 0.78069019317627
123568128 0.771269261837006
123666432 0.779096305370331
123764736 0.766314327716827
123863040 0.775589108467102
123961344 0.771841466426849
124059648 0.771960437297821
124157952 0.779028594493866
124256256 0.766373872756958
124354560 0.782274782657623
124452864 0.763754785060883
124551168 0.7770836353302
124649472 0.774461209774017
124747776 0.765083312988281
124846080 0.77789032459259
124944384 0.774376213550568
125042688 0.77928638458252
125140992 0.781241118907928
125239296 0.781871676445007
125337600 0.788303554058075
125435904 0.780973136425018
125534208 0.792363286018372
125632512 0.778993010520935
125730816 0.778352200984955
125829120 0.787034213542938
125927424 0.774244368076324
126025728 0.782111823558807
126124032 0.774812877178192
126222336 0.780480563640594
126320640 0.789496064186096
126418944 0.777922749519348
126517248 0.789685606956482
126615552 0.782910048961639
126713856 0.787959039211273
126812160 0.783927083015442
126910464 0.778671741485596
127008768 0.785711407661438
127107072 0.766488254070282
127205376 0.785192668437958
127303680 0.780487477779388
127401984 0.784630000591278
127500288 0.786980807781219
127598592 0.770322918891907
127696896 0.792004108428955
127795200 0.778362691402435
127893504 0.789867281913757
127991808 0.780365824699402
128090112 0.779348313808441
128188416 0.794638276100159
128286720 0.777790725231171
128385024 0.799424052238464
128483328 0.784286439418793
128581632 0.797459125518799
128679936 0.786849915981293
128778240 0.789068162441254
128876544 0.794208467006683
128974848 0.788051128387451
129073152 0.795068621635437
129171456 0.784482181072235
129269760 0.791214823722839
129368064 0.788738071918488
129466368 0.793997228145599
129564672 0.788581371307373
129662976 0.783426761627197
129761280 0.792547702789307
129859584 0.79468560218811
129957888 0.783789277076721
130056192 0.788063049316406
130154496 0.78216427564621
130252800 0.798997282981873
130351104 0.789418160915375
130449408 0.803395450115204
130547712 0.795598864555359
130646016 0.792797923088074
130744320 0.795652270317078
130842624 0.792447745800018
130940928 0.800305664539337
131039232 0.801633834838867
131137536 0.803575694561005
131235840 0.799147546291351
131334144 0.796011865139008
131432448 0.79918646812439
131530752 0.804636001586914
131629056 0.80394458770752
131727360 0.80421656370163
131825664 0.795292496681213
131923968 0.803123652935028
132022272 0.813301026821136
132120576 0.811880111694336
132218880 0.813189327716827
132317184 0.807256877422333
132415488 0.799896061420441
132513792 0.7931187748909
132612096 0.793129026889801
132710400 0.791239678859711
132808704 0.791187524795532
132907008 0.791636109352112
133005312 0.786255538463593
133103616 0.781213939189911
133201920 0.793105006217957
133300224 0.781569123268127
133398528 0.784046947956085
133496832 0.790975034236908
133595136 0.788646280765533
133693440 0.787866592407227
133791744 0.79362553358078
133890048 0.795399069786072
133988352 0.788765251636505
134086656 0.794774651527405
134184960 0.797650396823883
134283264 0.78710150718689
134381568 0.78735077381134
134479872 0.787546336650848
134578176 0.773093402385712
134676480 0.789299309253693
134774784 0.77322256565094
134873088 0.780836224555969
134971392 0.77323591709137
135069696 0.781498849391937
135168000 0.765755116939545
135266304 0.779872059822083
135364608 0.782858788967133
135462912 0.788662433624268
135561216 0.783746659755707
135659520 0.78254759311676
135757824 0.779172420501709
135856128 0.790760099887848
135954432 0.796438217163086
136052736 0.794382750988007
136151040 0.785579323768616
136249344 0.789158165454865
136347648 0.785686314105988
136445952 0.788138806819916
136544256 0.793368756771088
136642560 0.796344757080078
136740864 0.789379715919495
136839168 0.785560548305511
136937472 0.792470872402191
137035776 0.806866645812988
137134080 0.802406489849091
137232384 0.808571457862854
137330688 0.800558507442474
137428992 0.800727844238281
137527296 0.793012320995331
137625600 0.795386970043182
137723904 0.79457026720047
137822208 0.795320987701416
137920512 0.790708959102631
138018816 0.799674808979034
138117120 0.804117798805237
138215424 0.788561046123505
138313728 0.800138294696808
138412032 0.804561078548431
138510336 0.799482762813568
138608640 0.797882199287415
138706944 0.796256601810455
138805248 0.807306289672852
138903552 0.804154992103577
139001856 0.813502728939056
139100160 0.807649075984955
139198464 0.799949645996094
139296768 0.814785003662109
139395072 0.804247677326202
139493376 0.814097821712494
139591680 0.812040269374847
139689984 0.82110208272934
139788288 0.817534267902374
139886592 0.801126897335052
139984896 0.818876385688782
140083200 0.820728480815887
140181504 0.820188939571381
140279808 0.813649356365204
140378112 0.818013966083527
140476416 0.817705273628235
140574720 0.803228855133057
140673024 0.810804545879364
140771328 0.810050427913666
140869632 0.818066596984863
140967936 0.810151398181915
141066240 0.809098064899445
141164544 0.808228969573975
141262848 0.809652507305145
141361152 0.821632564067841
141459456 0.821831703186035
141557760 0.833342015743256
141656064 0.829464375972748
141754368 0.814370155334473
141852672 0.815750777721405
141950976 0.816350936889648
142049280 0.830070495605469
142147584 0.821246922016144
142245888 0.818000614643097
142344192 0.820426404476166
142442496 0.809666097164154
142540800 0.822073638439178
142639104 0.806646525859833
142737408 0.824392795562744
142835712 0.816832065582275
142934016 0.807969093322754
143032320 0.823898315429688
143130624 0.809137344360352
143228928 0.825356125831604
143327232 0.808497607707977
143425536 0.811363220214844
143523840 0.826600670814514
143622144 0.798454463481903
143720448 0.829751014709473
143818752 0.813106179237366
143917056 0.823390007019043
144015360 0.81781929731369
144113664 0.810984432697296
144211968 0.82475346326828
144310272 0.803375840187073
144408576 0.820959866046906
144506880 0.806558549404144
144605184 0.811047732830048
144703488 0.812286198139191
144801792 0.802672803401947
144900096 0.820016324520111
144998400 0.804740726947784
145096704 0.813709676265717
145195008 0.810370862483978
145293312 0.804472923278809
145391616 0.826844871044159
145489920 0.806203842163086
145588224 0.832697868347168
145686528 0.808045029640198
145784832 0.814288735389709
145883136 0.822167336940765
145981440 0.799538314342499
146079744 0.82159960269928
146178048 0.812108814716339
146276352 0.825368583202362
146374656 0.819564521312714
146472960 0.812066495418549
146571264 0.827604115009308
146669568 0.80871194601059
146767872 0.823825478553772
146866176 0.811475932598114
146964480 0.814392507076263
147062784 0.81003201007843
147161088 0.790735483169556
147259392 0.825772941112518
147357696 0.801144599914551
147456000 0.817817807197571
147554304 0.816229999065399
147652608 0.802324771881104
147750912 0.815967202186584
147849216 0.801653206348419
147947520 0.816221177577972
148045824 0.802760303020477
148144128 0.810218036174774
148242432 0.807879865169525
148340736 0.796371459960938
148439040 0.816516876220703
148537344 0.802545249462128
148635648 0.812004506587982
148733952 0.803220272064209
148832256 0.811840653419495
148930560 0.815692901611328
149028864 0.81062787771225
149127168 0.822225868701935
149225472 0.7995725274086
149323776 0.814680516719818
149422080 0.811271667480469
149520384 0.805957019329071
149618688 0.812909722328186
149716992 0.80578625202179
149815296 0.822544276714325
149913600 0.800307095050812
150011904 0.805203855037689
150110208 0.803238093852997
150208512 0.798968613147736
150306816 0.813582599163055
150405120 0.794070482254028
150503424 0.815118432044983
150601728 0.803332328796387
150700032 0.801421284675598
150798336 0.807613492012024
150896640 0.805190563201904
150994944 0.803993880748749
151093248 0.79868096113205
151191552 0.806398093700409
151289856 0.800245761871338
151388160 0.798584163188934
151486464 0.792192280292511
151584768 0.790254294872284
151683072 0.802448451519012
151781376 0.794857800006866
151879680 0.809323728084564
151977984 0.798613429069519
152076288 0.7900430560112
152174592 0.797491848468781
152272896 0.798445522785187
152371200 0.814001262187958
152469504 0.806906044483185
152567808 0.803644776344299
152666112 0.804054081439972
152764416 0.799775540828705
152862720 0.801612496376038
152961024 0.798475384712219
153059328 0.794397950172424
153157632 0.785310447216034
153255936 0.777721166610718
153354240 0.771291732788086
153452544 0.77287769317627
153550848 0.770001709461212
153649152 0.771356582641602
153747456 0.768306076526642
153845760 0.779138803482056
153944064 0.783150196075439
154042368 0.766963303089142
154140672 0.763961970806122
154238976 0.764033615589142
154337280 0.768530488014221
154435584 0.771810710430145
154533888 0.772597312927246
154632192 0.773286521434784
154730496 0.763916492462158
154828800 0.767485916614532
154927104 0.771124839782715
155025408 0.762865304946899
155123712 0.770083367824554
155222016 0.765666484832764
155320320 0.760854661464691
155418624 0.758918941020966
155516928 0.758590877056122
155615232 0.763802707195282
155713536 0.75805801153183
155811840 0.755469739437103
155910144 0.756688117980957
156008448 0.764813482761383
156106752 0.757788002490997
156205056 0.756620645523071
156303360 0.757963597774506
156401664 0.753307521343231
156499968 0.750527024269104
156598272 0.74899160861969
156696576 0.754256427288055
156794880 0.752292990684509
156893184 0.753078103065491
156991488 0.752909719944
157089792 0.755275428295135
157188096 0.751053333282471
157286400 0.757373154163361
157384704 0.756230056285858
157483008 0.762924253940582
157581312 0.763908088207245
157679616 0.755376994609833
157777920 0.76387220621109
157876224 0.760407388210297
157974528 0.762368500232697
158072832 0.762992441654205
158171136 0.761314332485199
158269440 0.767168164253235
158367744 0.776585400104523
158466048 0.777150452136993
158564352 0.762799680233002
158662656 0.765602290630341
158760960 0.764045774936676
158859264 0.749254524707794
158957568 0.745667994022369
159055872 0.757502675056458
159154176 0.755214154720306
159252480 0.751804172992706
159350784 0.750374019145966
159449088 0.743882775306702
159547392 0.74116450548172
159645696 0.74301952123642
159744000 0.745348155498505
159842304 0.7423095703125
159940608 0.737630724906921
160038912 0.74861466884613
160137216 0.744669854640961
160235520 0.743865251541138
160333824 0.741352021694183
160432128 0.736577808856964
160530432 0.74033796787262
160628736 0.733292400836945
160727040 0.740849673748016
160825344 0.734380960464478
160923648 0.743965327739716
161021952 0.730749070644379
161120256 0.731888592243195
161218560 0.746260344982147
161316864 0.742596209049225
161415168 0.753011643886566
161513472 0.741268813610077
161611776 0.751591503620148
161710080 0.745935559272766
161808384 0.737797260284424
161906688 0.758037388324738
162004992 0.748354315757751
162103296 0.752669990062714
162201600 0.741347670555115
162299904 0.751195311546326
162398208 0.752707958221436
162496512 0.739473760128021
162594816 0.757085919380188
162693120 0.749706327915192
162791424 0.771269917488098
162889728 0.751094818115234
162988032 0.760315537452698
163086336 0.759463608264923
163184640 0.746608316898346
163282944 0.760839104652405
163381248 0.743248581886292
163479552 0.758476138114929
163577856 0.743588864803314
163676160 0.738723039627075
163774464 0.762820363044739
163872768 0.755334436893463
163971072 0.756758332252502
164069376 0.742105305194855
164167680 0.753478050231934
164265984 0.755025506019592
164364288 0.749754190444946
164462592 0.759156823158264
164560896 0.755141377449036
164659200 0.765047252178192
164757504 0.761544227600098
164855808 0.764282405376434
164954112 0.763850033283234
165052416 0.75935435295105
165150720 0.768367946147919
165249024 0.756199896335602
165347328 0.763672947883606
165445632 0.757178783416748
165543936 0.750299751758575
165642240 0.758307039737701
165740544 0.749689400196075
165838848 0.75179785490036
165937152 0.750877797603607
166035456 0.750625431537628
166133760 0.750820577144623
166232064 0.743724822998047
166330368 0.748696744441986
166428672 0.737366735935211
166526976 0.744844675064087
166625280 0.740871369838715
166723584 0.74117773771286
166821888 0.739796876907349
166920192 0.731961071491241
167018496 0.744320213794708
167116800 0.738037288188934
167215104 0.749781250953674
167313408 0.751397550106049
167411712 0.74505203962326
167510016 0.750930845737457
167608320 0.741243362426758
167706624 0.758538842201233
167804928 0.74522191286087
167903232 0.748201668262482
168001536 0.751425445079803
168099840 0.739680051803589
168198144 0.746793866157532
168296448 0.747130513191223
168394752 0.746822357177734
168493056 0.742208421230316
168591360 0.740986764431
168689664 0.74808007478714
168787968 0.742761790752411
168886272 0.76333612203598
168984576 0.758336246013641
169082880 0.746259093284607
169181184 0.749137580394745
169279488 0.732793807983398
169377792 0.741783082485199
169476096 0.7431361079216
169574400 0.741064012050629
169672704 0.742757737636566
169771008 0.745594620704651
169869312 0.755374848842621
169967616 0.738403379917145
170065920 0.741194725036621
170164224 0.747712075710297
170262528 0.735391616821289
170360832 0.747149288654327
170459136 0.73348742723465
170557440 0.744444310665131
170655744 0.745200574398041
170754048 0.741320431232452
170852352 0.749535024166107
170950656 0.749653935432434
171048960 0.748755753040314
171147264 0.736279904842377
171245568 0.751074016094208
171343872 0.755534708499908
171442176 0.752202928066254
171540480 0.754785656929016
171638784 0.745025038719177
171737088 0.751425921916962
171835392 0.746961295604706
171933696 0.75540965795517
172032000 0.754356682300568
172130304 0.75875723361969
172228608 0.765128552913666
172326912 0.756718993186951
172425216 0.75993674993515
172523520 0.748066186904907
172621824 0.759896218776703
172720128 0.764837920665741
172818432 0.76607483625412
172916736 0.77360600233078
173015040 0.756512224674225
173113344 0.774351298809052
173211648 0.758395612239838
173309952 0.764959096908569
173408256 0.766734600067139
173506560 0.753572583198547
173604864 0.768195390701294
173703168 0.751430511474609
173801472 0.771183431148529
173899776 0.769935250282288
173998080 0.778671503067017
174096384 0.778749167919159
174194688 0.757928967475891
174292992 0.778442621231079
174391296 0.763422727584839
174489600 0.774979293346405
174587904 0.77387660741806
174686208 0.77939909696579
174784512 0.770656704902649
174882816 0.756053149700165
174981120 0.770069897174835
175079424 0.762119233608246
175177728 0.772275745868683
175276032 0.779426991939545
175374336 0.768464505672455
175472640 0.77973085641861
175570944 0.766571640968323
175669248 0.774456918239594
175767552 0.779472410678864
175865856 0.784375548362732
175964160 0.77935004234314
176062464 0.769505262374878
176160768 0.781034231185913
176259072 0.764098286628723
176357376 0.780517995357513
176455680 0.769142270088196
176553984 0.782245755195618
176652288 0.776207149028778
176750592 0.764811515808105
176848896 0.777973711490631
176947200 0.767545878887177
177045504 0.773288667201996
177143808 0.766178727149963
177242112 0.762909531593323
177340416 0.76701033115387
177438720 0.758444845676422
177537024 0.770460069179535
177635328 0.76723313331604
177733632 0.769920647144318
177831936 0.774218559265137
177930240 0.76935863494873
178028544 0.773742914199829
178126848 0.765009760856628
178225152 0.77039510011673
178323456 0.761639773845673
178421760 0.762858986854553
178520064 0.766824066638947
178618368 0.755090653896332
178716672 0.76165509223938
178814976 0.754360616207123
178913280 0.754871070384979
179011584 0.75206845998764
179109888 0.752596080303192
179208192 0.756041586399078
179306496 0.758387267589569
179404800 0.76139497756958
179503104 0.763001680374146
179601408 0.76155161857605
179699712 0.758521676063538
179798016 0.758655488491058
179896320 0.772425889968872
179994624 0.763344407081604
180092928 0.769398152828217
180191232 0.76224148273468
180289536 0.763452410697937
180387840 0.774298369884491
180486144 0.769769787788391
180584448 0.773883044719696
180682752 0.766629159450531
180781056 0.767359793186188
180879360 0.773810505867004
180977664 0.778889536857605
181075968 0.781673073768616
181174272 0.782641410827637
181272576 0.788122832775116
181370880 0.787537217140198
181469184 0.785160541534424
181567488 0.780843436717987
181665792 0.785881638526917
181764096 0.789096117019653
181862400 0.78580915927887
181960704 0.780303239822388
182059008 0.787283837795258
182157312 0.792552173137665
182255616 0.789706230163574
182353920 0.806869328022003
182452224 0.794587075710297
182550528 0.800244152545929
182648832 0.792253017425537
182747136 0.788434028625488
182845440 0.804242134094238
182943744 0.787321984767914
183042048 0.799800992012024
183140352 0.796033143997192
183238656 0.78978031873703
183336960 0.800432205200195
183435264 0.787864744663239
183533568 0.803699016571045
183631872 0.799034893512726
183730176 0.794982254505157
183828480 0.791345238685608
183926784 0.795443892478943
184025088 0.801539897918701
184123392 0.787853121757507
184221696 0.813373744487762
184320000 0.805899798870087
184418304 0.809364438056946
184516608 0.810018658638
184614912 0.806602418422699
184713216 0.81927102804184
184811520 0.797716200351715
184909824 0.824159443378448
185008128 0.807417988777161
185106432 0.813390374183655
185204736 0.809052288532257
185303040 0.789226651191711
185401344 0.813989579677582
185499648 0.792478919029236
185597952 0.807648658752441
185696256 0.797549247741699
185794560 0.797846615314484
185892864 0.799804747104645
185991168 0.781087338924408
186089472 0.807555377483368
186187776 0.789536714553833
186286080 0.799002289772034
186384384 0.790856540203094
186482688 0.783553719520569
186580992 0.801294326782227
186679296 0.774494290351868
186777600 0.807520389556885
186875904 0.785170257091522
186974208 0.794618308544159
187072512 0.785050392150879
187170816 0.769577980041504
187269120 0.801136016845703
187367424 0.776806652545929
187465728 0.800469517707825
187564032 0.783933281898499
187662336 0.787951588630676
187760640 0.792855739593506
187858944 0.783501088619232
187957248 0.806145131587982
188055552 0.779543459415436
188153856 0.801978707313538
188252160 0.799298942089081
188350464 0.799269676208496
188448768 0.796417355537415
188547072 0.777820646762848
188645376 0.801873683929443
188743680 0.77774053812027
188841984 0.792315125465393
188940288 0.783913493156433
189038592 0.782189548015594
189136896 0.789809048175812
189235200 0.77877140045166
189333504 0.800763785839081
189431808 0.784668982028961
189530112 0.807656288146973
189628416 0.800739705562592
189726720 0.796066284179688
189825024 0.805124223232269
189923328 0.799251019954681
190021632 0.812880337238312
190119936 0.788227200508118
190218240 0.79983788728714
190316544 0.789653062820435
190414848 0.782447099685669
190513152 0.802916705608368
190611456 0.784153044223785
190709760 0.800420880317688
190808064 0.790815889835358
190906368 0.789889633655548
191004672 0.803409099578857
191102976 0.789441764354706
191201280 0.807566463947296
191299584 0.78590315580368
191397888 0.809178292751312
191496192 0.799081742763519
191594496 0.792299926280975
191692800 0.810599625110626
191791104 0.781621873378754
191889408 0.807676315307617
191987712 0.789250433444977
192086016 0.80219566822052
192184320 0.790576934814453
192282624 0.790827453136444
192380928 0.806352257728577
192479232 0.785085499286652
192577536 0.805329322814941
192675840 0.791062116622925
192774144 0.803036212921143
192872448 0.801197052001953
192970752 0.792928516864777
193069056 0.812692761421204
193167360 0.787497043609619
193265664 0.817699253559113
193363968 0.797126710414886
193462272 0.798054039478302
193560576 0.804870426654816
193658880 0.790505349636078
193757184 0.814514756202698
193855488 0.789025068283081
193953792 0.811083436012268
194052096 0.79929131269455
194150400 0.797920703887939
194248704 0.810226380825043
194347008 0.785731494426727
194445312 0.805528104305267
194543616 0.778223931789398
194641920 0.788752734661102
194740224 0.783786416053772
194838528 0.783279359340668
194936832 0.80258446931839
195035136 0.772240459918976
195133440 0.80096036195755
195231744 0.779204308986664
195330048 0.77634185552597
195428352 0.776569187641144
195526656 0.761597335338593
195624960 0.787537753582001
195723264 0.767563879489899
195821568 0.790122926235199
195919872 0.765999436378479
196018176 0.774838805198669
196116480 0.772203624248505
196214784 0.761257112026215
196313088 0.789254367351532
196411392 0.76108980178833
