0 17.0267944335938
98304 17.0344581604004
196608 16.9917602539062
294912 16.9593963623047
393216 16.9080238342285
491520 16.8660869598389
589824 16.8451633453369
688128 16.7970314025879
786432 16.74684715271
884736 16.6964912414551
983040 16.6679077148438
1081344 16.6022434234619
1179648 16.5303192138672
1277952 16.4679565429688
1376256 16.3797779083252
1474560 16.2989234924316
1572864 16.2077178955078
1671168 16.1051921844482
1769472 16.0048217773438
1867776 15.897442817688
1966080 15.7940340042114
2064384 15.6635618209839
2162688 15.5584201812744
2260992 15.4391241073608
2359296 15.2968082427979
2457600 15.1838254928589
2555904 15.043176651001
2654208 14.9138278961182
2752512 14.7755813598633
2850816 14.6118183135986
2949120 14.4424047470093
3047424 14.321759223938
3145728 14.2058763504028
3244032 13.9843664169312
3342336 13.8376007080078
3440640 13.6894474029541
3538944 13.5444860458374
3637248 13.3993196487427
3735552 13.260968208313
3833856 13.1214208602905
3932160 12.9742069244385
4030464 12.8314075469971
4128768 12.6744918823242
4227072 12.5216083526611
4325376 12.3625078201294
4423680 12.203070640564
4521984 12.018871307373
4620288 11.875937461853
4718592 11.7375822067261
4816896 11.5923795700073
4915200 11.4431562423706
5013504 11.3017778396606
5111808 11.1563920974731
5210112 10.9925909042358
5308416 10.8200483322144
5406720 10.7449312210083
5505024 10.5771484375
5603328 10.4065608978271
5701632 10.3618040084839
5799936 10.3203973770142
5898240 10.2722063064575
5996544 10.1973762512207
6094848 10.073920249939
6193152 9.92113876342773
6291456 9.87131881713867
6389760 9.84325122833252
6488064 9.80750179290771
6586368 9.76022243499756
6684672 9.65977954864502
6782976 9.49899005889893
6881280 9.40145206451416
6979584 9.29965877532959
7077888 9.25023651123047
7176192 9.14326667785645
7274496 9.03793621063232
7372800 8.95284271240234
7471104 8.85210609436035
7569408 8.75023651123047
7667712 8.70534420013428
7766016 8.65413570404053
7864320 8.55484771728516
7962624 8.50609302520752
8060928 8.40904712677002
8159232 8.32535743713379
8257536 8.25527191162109
8355840 8.21611976623535
8454144 8.16687679290771
8552448 8.11292743682861
8650752 8.03310585021973
8749056 7.95238590240479
8847360 7.89228820800781
8945664 7.8393874168396
9043968 7.7671160697937
9142272 7.71894836425781
9240576 7.64792966842651
9338880 7.61037921905518
9437184 7.53805303573608
9535488 7.47714376449585
9633792 7.42359685897827
9732096 7.37449502944946
9830400 7.28379440307617
9928704 7.22790670394897
10027008 7.18020391464233
10125312 7.11708402633667
10223616 7.05807065963745
10321920 7.02760696411133
10420224 6.98882150650024
10518528 6.93624877929688
10616832 6.87112426757812
10715136 6.8149676322937
10813440 6.75204229354858
10911744 6.69526243209839
11010048 6.66206693649292
11108352 6.59248685836792
11206656 6.55541706085205
11304960 6.5034499168396
11403264 6.4436297416687
11501568 6.38933610916138
11599872 6.32066822052002
11698176 6.28155040740967
11796480 6.23087549209595
11894784 6.19805097579956
11993088 6.16352033615112
12091392 6.10173177719116
12189696 6.07727193832397
12288000 6.06043577194214
12386304 6.03365230560303
12484608 5.98639440536499
12582912 5.93291187286377
12681216 5.88732433319092
12779520 5.84472274780273
12877824 5.81335210800171
12976128 5.77604293823242
13074432 5.71853590011597
13172736 5.690345287323
13271040 5.68092727661133
13369344 5.6571249961853
13467648 5.61671590805054
13565952 5.60432291030884
13664256 5.58937311172485
13762560 5.5537052154541
13860864 5.52308130264282
13959168 5.48904800415039
14057472 5.46371746063232
14155776 5.44877195358276
14254080 5.42822170257568
14352384 5.40161085128784
14450688 5.36864805221558
14548992 5.34407472610474
14647296 5.31051111221313
14745600 5.27546787261963
14843904 5.24520063400269
14942208 5.20592069625854
15040512 5.16588163375854
15138816 5.13159132003784
15237120 5.08734273910522
15335424 5.07310819625854
15433728 5.06171274185181
15532032 5.02874135971069
15630336 5.00231885910034
15728640 4.96541452407837
15826944 4.93024206161499
15925248 4.90582036972046
16023552 4.86923170089722
16121856 4.81371688842773
16220160 4.79444980621338
16318464 4.77497673034668
16416768 4.7564902305603
16515072 4.72599506378174
16613376 4.69225454330444
16711680 4.66609334945679
16809984 4.6296501159668
16908288 4.61093473434448
17006592 4.57648706436157
17104896 4.54529571533203
17203200 4.53070306777954
17301504 4.51506757736206
17399808 4.48391056060791
17498112 4.45358753204346
17596416 4.41840314865112
17694720 4.40234518051147
17793024 4.36982107162476
17891328 4.33602237701416
17989632 4.31398153305054
18087936 4.28958511352539
18186240 4.27074003219604
18284544 4.25135374069214
18382848 4.24144458770752
18481152 4.22492742538452
18579456 4.19310998916626
18677760 4.15508604049683
18776064 4.12043619155884
18874368 4.08042287826538
18972672 4.06896591186523
19070976 4.06021881103516
19169280 4.04174184799194
19267584 4.01405906677246
19365888 3.99208116531372
19464192 3.9642059803009
19562496 3.92965579032898
19660800 3.88664555549622
19759104 3.85205698013306
19857408 3.81723260879517
19955712 3.7848174571991
20054016 3.75854730606079
20152320 3.72509002685547
20250624 3.68627858161926
20348928 3.66703796386719
20447232 3.64701581001282
20545536 3.61651539802551
20643840 3.5716278553009
20742144 3.55320048332214
20840448 3.53299260139465
20938752 3.50464510917664
21037056 3.489253282547
21135360 3.47723245620728
21233664 3.46896147727966
21331968 3.44900441169739
21430272 3.42243838310242
21528576 3.40103602409363
21626880 3.37881636619568
21725184 3.3619167804718
21823488 3.3451714515686
21921792 3.31927728652954
22020096 3.29864811897278
22118400 3.28051376342773
22216704 3.26329398155212
22315008 3.22316527366638
22413312 3.2008969783783
22511616 3.17539668083191
22609920 3.1519558429718
22708224 3.12852263450623
22806528 3.11134314537048
22904832 3.09427523612976
23003136 3.06848502159119
23101440 3.0451328754425
23199744 3.02720093727112
23298048 3.00620579719543
23396352 2.99184775352478
23494656 2.97508788108826
23592960 2.96726012229919
23691264 2.94543361663818
23789568 2.91416168212891
23887872 2.8929660320282
23986176 2.87667465209961
24084480 2.86354064941406
24182784 2.83879590034485
24281088 2.82473921775818
24379392 2.80499839782715
24477696 2.78149771690369
24576000 2.74978137016296
24674304 2.71997714042664
24772608 2.7101457118988
24870912 2.69645857810974
24969216 2.67615127563477
25067520 2.65851521492004
25165824 2.63736033439636
25264128 2.60074543952942
25362432 2.5869996547699
25460736 2.57276844978333
25559040 2.54437589645386
25657344 2.52606320381165
25755648 2.50775003433228
25853952 2.48794603347778
25952256 2.46006655693054
26050560 2.42828559875488
26148864 2.41831469535828
26247168 2.41182899475098
26345472 2.39809918403625
26443776 2.37513780593872
26542080 2.3609664440155
26640384 2.34037947654724
26738688 2.32527732849121
26836992 2.30893206596375
26935296 2.29879188537598
27033600 2.28890633583069
27131904 2.28419637680054
27230208 2.27214932441711
27328512 2.25478434562683
27426816 2.23047566413879
27525120 2.21921968460083
27623424 2.20540690422058
27721728 2.17390370368958
27820032 2.15374159812927
27918336 2.14117479324341
28016640 2.13667368888855
28114944 2.12738585472107
28213248 2.1173985004425
28311552 2.10297966003418
28409856 2.09314060211182
28508160 2.07296633720398
28606464 2.06590914726257
28704768 2.04717230796814
28803072 2.0369770526886
28901376 2.01467204093933
28999680 1.97523498535156
29097984 1.94760501384735
29196288 1.91868710517883
29294592 1.91033136844635
29392896 1.90220677852631
29491200 1.88792157173157
29589504 1.86902582645416
29687808 1.85890090465546
29786112 1.84175968170166
29884416 1.82740139961243
29982720 1.80030786991119
30081024 1.77942752838135
30179328 1.74277532100677
30277632 1.72079432010651
30375936 1.70316851139069
30474240 1.67613875865936
30572544 1.64827239513397
30670848 1.61583983898163
30769152 1.59746587276459
30867456 1.57250595092773
30965760 1.55674982070923
31064064 1.53745269775391
31162368 1.51096892356873
31260672 1.48626387119293
31358976 1.4621330499649
31457280 1.45188295841217
31555584 1.42820119857788
31653888 1.38987123966217
31752192 1.35769712924957
31850496 1.33819091320038
31948800 1.32704246044159
32047104 1.31279838085175
32145408 1.30193507671356
32243712 1.27820587158203
32342016 1.26438224315643
32440320 1.25196444988251
32538624 1.23859465122223
32636928 1.22183978557587
32735232 1.1962388753891
32833536 1.176877617836
32931840 1.15420436859131
33030144 1.14324223995209
33128448 1.13164043426514
33226752 1.11003434658051
33325056 1.09096395969391
33423360 1.0716940164566
33521664 1.05097246170044
33619968 1.02093183994293
33718272 1.00233614444733
33816576 0.982765376567841
33914880 0.965539753437042
34013184 0.942261874675751
34111488 0.909467995166779
34209792 0.897257626056671
34308096 0.886722207069397
34406400 0.869005680084229
34504704 0.854515850543976
34603008 0.825840592384338
34701312 0.810243904590607
34799616 0.796036720275879
34897920 0.781177222728729
34996224 0.768697559833527
35094528 0.749542415142059
35192832 0.739922761917114
35291136 0.731302738189697
35389440 0.726446092128754
35487744 0.719386696815491
35586048 0.694232940673828
35684352 0.664260804653168
35782656 0.638786256313324
35880960 0.620846211910248
35979264 0.600599944591522
36077568 0.589067876338959
36175872 0.570213615894318
36274176 0.548051536083221
36372480 0.510124981403351
36470784 0.491375505924225
36569088 0.475257694721222
36667392 0.448385149240494
36765696 0.432571411132812
36864000 0.414507299661636
36962304 0.38781464099884
37060608 0.380614429712296
37158912 0.377162039279938
37257216 0.365068465471268
37355520 0.350147217512131
37453824 0.321939915418625
37552128 0.30949205160141
37650432 0.29488143324852
37748736 0.263148158788681
37847040 0.237202122807503
37945344 0.207886815071106
38043648 0.191793665289879
38141952 0.178961381316185
38240256 0.154291674494743
38338560 0.125186681747437
38436864 0.105260394513607
38535168 0.0893722698092461
38633472 0.065671794116497
38731776 0.0521747469902039
38830080 0.0212449915707111
38928384 -0.0162699706852436
39026688 -0.0322426669299603
39124992 -0.047767486423254
39223296 -0.0686219111084938
39321600 -0.0941095128655434
39419904 -0.102522395551205
39518208 -0.119980290532112
39616512 -0.145564824342728
39714816 -0.166712403297424
39813120 -0.202880293130875
39911424 -0.219987198710442
40009728 -0.235519513487816
40108032 -0.249840885400772
40206336 -0.269520610570908
40304640 -0.302347928285599
40402944 -0.318547546863556
40501248 -0.342772871255875
40599552 -0.360511034727097
40697856 -0.378404378890991
40796160 -0.390758901834488
40894464 -0.408085823059082
40992768 -0.412156015634537
41091072 -0.417657852172852
41189376 -0.436131924390793
41287680 -0.456492722034454
41385984 -0.476062536239624
41484288 -0.491084784269333
41582592 -0.508244693279266
41680896 -0.52253532409668
41779200 -0.546245515346527
41877504 -0.56284099817276
41975808 -0.586743831634521
42074112 -0.607482135295868
42172416 -0.627622246742249
42270720 -0.64012086391449
42369024 -0.659132957458496
42467328 -0.68656587600708
42565632 -0.694014728069305
42663936 -0.699957370758057
42762240 -0.715176582336426
42860544 -0.734707176685333
42958848 -0.746223866939545
43057152 -0.765359878540039
43155456 -0.777428805828094
43253760 -0.784359157085419
43352064 -0.802937150001526
43450368 -0.82612270116806
43548672 -0.846535861492157
43646976 -0.863737106323242
43745280 -0.871298909187317
43843584 -0.885447025299072
43941888 -0.892881691455841
44040192 -0.899257659912109
44138496 -0.926969349384308
44236800 -0.939643979072571
44335104 -0.947215378284454
44433408 -0.967566907405853
44531712 -0.988466382026672
44630016 -1.00727081298828
44728320 -1.02184724807739
44826624 -1.04081392288208
44924928 -1.06178021430969
45023232 -1.07952773571014
45121536 -1.09018850326538
45219840 -1.10353016853333
45318144 -1.11939287185669
45416448 -1.13361585140228
45514752 -1.15113544464111
45613056 -1.1737824678421
45711360 -1.19061017036438
45809664 -1.20813071727753
45907968 -1.22275257110596
46006272 -1.23103666305542
46104576 -1.25159168243408
46202880 -1.27307593822479
46301184 -1.29363238811493
46399488 -1.31171882152557
46497792 -1.3382785320282
46596096 -1.36875760555267
46694400 -1.38523375988007
46792704 -1.40207183361053
46891008 -1.41690051555634
46989312 -1.44140958786011
47087616 -1.46110379695892
47185920 -1.48045945167542
47284224 -1.49772310256958
47382528 -1.51177251338959
47480832 -1.52623748779297
47579136 -1.54239594936371
47677440 -1.56726551055908
47775744 -1.58184194564819
47874048 -1.59291982650757
47972352 -1.60191345214844
48070656 -1.61917805671692
48168960 -1.63194811344147
48267264 -1.64619672298431
48365568 -1.66216659545898
48463872 -1.67800223827362
48562176 -1.68938732147217
48660480 -1.71089589595795
48758784 -1.7319256067276
48857088 -1.74860346317291
48955392 -1.7645515203476
49053696 -1.78668975830078
49152000 -1.80105531215668
49250304 -1.8332906961441
49348608 -1.88411939144135
49446912 -1.9064279794693
49545216 -1.93932807445526
49643520 -1.956906914711
49741824 -1.97103273868561
49840128 -1.98450684547424
49938432 -1.9929815530777
50036736 -2.00835299491882
50135040 -2.03196787834167
50233344 -2.05074882507324
50331648 -2.07451963424683
50429952 -2.09985589981079
50528256 -2.12834215164185
50626560 -2.14093565940857
50724864 -2.14632153511047
50823168 -2.16206097602844
50921472 -2.1820182800293
51019776 -2.20150184631348
51118080 -2.21491098403931
51216384 -2.2329535484314
51314688 -2.26323294639587
51412992 -2.28289341926575
51511296 -2.3000180721283
51609600 -2.32671046257019
51707904 -2.34421396255493
51806208 -2.35698390007019
51904512 -2.37370729446411
52002816 -2.38223958015442
52101120 -2.39314031600952
52199424 -2.41300535202026
52297728 -2.42380714416504
52396032 -2.43773365020752
52494336 -2.45630311965942
52592640 -2.47551798820496
52690944 -2.48441863059998
52789248 -2.49994826316833
52887552 -2.52241468429565
52985856 -2.54084372520447
53084160 -2.56801414489746
53182464 -2.58838248252869
53280768 -2.60594058036804
53379072 -2.62472724914551
53477376 -2.6305091381073
53575680 -2.63500928878784
53673984 -2.64681172370911
53772288 -2.66001439094543
53870592 -2.67400789260864
53968896 -2.68402647972107
54067200 -2.69377827644348
54165504 -2.70096302032471
54263808 -2.71673130989075
54362112 -2.74049615859985
54460416 -2.75108957290649
54558720 -2.75750589370728
54657024 -2.76667475700378
54755328 -2.77985692024231
54853632 -2.79322552680969
54951936 -2.81002068519592
55050240 -2.82723355293274
55148544 -2.84756302833557
55246848 -2.86678028106689
55345152 -2.88995671272278
55443456 -2.91805481910706
55541760 -2.93423676490784
55640064 -2.95307183265686
55738368 -2.97182583808899
55836672 -2.99712753295898
55934976 -3.01358962059021
56033280 -3.02317953109741
56131584 -3.04718017578125
56229888 -3.05681848526001
56328192 -3.07040286064148
56426496 -3.0910108089447
56524800 -3.10002565383911
56623104 -3.11096024513245
56721408 -3.12870383262634
56819712 -3.14960646629333
56918016 -3.16682314872742
57016320 -3.18433499336243
57114624 -3.20010375976562
57212928 -3.21809458732605
57311232 -3.23281931877136
57409536 -3.25097727775574
57507840 -3.26203989982605
57606144 -3.27542281150818
57704448 -3.28916716575623
57802752 -3.30332112312317
57901056 -3.30812764167786
57999360 -3.31363940238953
58097664 -3.32908797264099
58195968 -3.3467583656311
58294272 -3.36500906944275
58392576 -3.38434672355652
58490880 -3.41472101211548
58589184 -3.4364640712738
58687488 -3.45123648643494
58785792 -3.47090077400208
58884096 -3.48988795280457
58982400 -3.50097060203552
59080704 -3.51187491416931
59179008 -3.52579379081726
59277312 -3.54687666893005
59375616 -3.56964039802551
59473920 -3.57767605781555
59572224 -3.58525276184082
59670528 -3.59877967834473
59768832 -3.61990714073181
59867136 -3.63787245750427
59965440 -3.66374278068542
60063744 -3.67988562583923
60162048 -3.69155502319336
60260352 -3.70116472244263
60358656 -3.71574664115906
60456960 -3.72220277786255
60555264 -3.73578715324402
60653568 -3.75102877616882
60751872 -3.77179908752441
60850176 -3.78594255447388
60948480 -3.79908061027527
61046784 -3.82347464561462
61145088 -3.8385055065155
61243392 -3.85216569900513
61341696 -3.87798810005188
61440000 -3.91673350334167
61538304 -3.93850111961365
61636608 -3.95904159545898
61734912 -3.97366070747375
61833216 -3.98609519004822
61931520 -4.00059270858765
62029824 -4.00619840621948
62128128 -4.0135293006897
62226432 -4.02120399475098
62324736 -4.02923727035522
62423040 -4.04617547988892
62521344 -4.05389785766602
62619648 -4.0691351890564
62717952 -4.08974599838257
62816256 -4.1050910949707
62914560 -4.12038278579712
63012864 -4.1363730430603
63111168 -4.15483856201172
63209472 -4.17792510986328
63307776 -4.18937683105469
63406080 -4.20608472824097
63504384 -4.22568798065186
63602688 -4.24744749069214
63700992 -4.26335906982422
63799296 -4.28305673599243
63897600 -4.29457712173462
63995904 -4.30708456039429
64094208 -4.31766653060913
64192512 -4.33089447021484
64290816 -4.3469090461731
64389120 -4.36616086959839
64487424 -4.38208389282227
64585728 -4.39910840988159
64684032 -4.42075681686401
64782336 -4.43829488754272
64880640 -4.44900274276733
64978944 -4.46642827987671
65077248 -4.47911214828491
65175552 -4.49135446548462
65273856 -4.51014232635498
65372160 -4.51859045028687
65470464 -4.52655172348022
65568768 -4.54447174072266
65667072 -4.55801486968994
65765376 -4.57387495040894
65863680 -4.58754730224609
65961984 -4.59766817092896
66060288 -4.61552000045776
66158592 -4.62835645675659
66256896 -4.64516687393188
66355200 -4.66532611846924
66453504 -4.68101692199707
66551808 -4.69498634338379
66650112 -4.71817350387573
66748416 -4.73120832443237
66846720 -4.73646020889282
66945024 -4.74390316009521
67043328 -4.76106739044189
67141632 -4.77076053619385
67239936 -4.78373289108276
67338240 -4.79845380783081
67436544 -4.81712102890015
67534848 -4.83688116073608
67633152 -4.84640502929688
67731456 -4.85857105255127
67829760 -4.87506246566772
67928064 -4.89447641372681
68026368 -4.91325235366821
68124672 -4.93844842910767
68222976 -4.96958255767822
68321280 -4.98214292526245
68419584 -4.99567794799805
68517888 -5.01358938217163
68616192 -5.03024005889893
68714496 -5.0456018447876
68812800 -5.05009460449219
68911104 -5.0550217628479
69009408 -5.06640672683716
69107712 -5.08706569671631
69206016 -5.11142015457153
69304320 -5.13332891464233
69402624 -5.15872812271118
69500928 -5.17770862579346
69599232 -5.19019556045532
69697536 -5.19897890090942
69795840 -5.21274900436401
69894144 -5.23320150375366
69992448 -5.25480651855469
70090752 -5.2785005569458
70189056 -5.28454542160034
70287360 -5.29240131378174
70385664 -5.3102240562439
70483968 -5.32536458969116
70582272 -5.33903646469116
70680576 -5.35473394393921
70778880 -5.37631559371948
70877184 -5.39919137954712
70975488 -5.41380834579468
71073792 -5.43394565582275
71172096 -5.45454931259155
71270400 -5.46896123886108
71368704 -5.49049854278564
71467008 -5.52528285980225
71565312 -5.54815244674683
71663616 -5.56574726104736
71761920 -5.58097314834595
71860224 -5.59448003768921
71958528 -5.60746479034424
72056832 -5.61657667160034
72155136 -5.63385152816772
72253440 -5.65142154693604
72351744 -5.66805791854858
72450048 -5.69144678115845
72548352 -5.71741628646851
72646656 -5.73071718215942
72744960 -5.74897527694702
72843264 -5.76706981658936
72941568 -5.78008699417114
73039872 -5.79872703552246
73138176 -5.80985116958618
73236480 -5.82313537597656
73334784 -5.84978246688843
73433088 -5.86006212234497
73531392 -5.86873006820679
73629696 -5.88650894165039
73728000 -5.90474081039429
73826304 -5.92285680770874
73924608 -5.93955850601196
74022912 -5.95762968063354
74121216 -5.97147560119629
74219520 -5.98914861679077
74317824 -6.00608777999878
74416128 -6.02401542663574
74514432 -6.04369688034058
74612736 -6.06627035140991
74711040 -6.08567571640015
74809344 -6.09661102294922
74907648 -6.10177278518677
75005952 -6.10883951187134
75104256 -6.12431049346924
75202560 -6.14036560058594
75300864 -6.15226888656616
75399168 -6.16786956787109
75497472 -6.18067455291748
75595776 -6.1999397277832
75694080 -6.21548700332642
75792384 -6.22910928726196
75890688 -6.2534384727478
75988992 -6.26687335968018
76087296 -6.28318929672241
76185600 -6.2927393913269
76283904 -6.3131365776062
76382208 -6.32344579696655
76480512 -6.3316798210144
76578816 -6.34057807922363
76677120 -6.35079193115234
76775424 -6.35538005828857
76873728 -6.36928939819336
76972032 -6.39068937301636
77070336 -6.41084766387939
77168640 -6.41644811630249
77266944 -6.42625141143799
77365248 -6.4417405128479
77463552 -6.46422910690308
77561856 -6.47015762329102
77660160 -6.47968435287476
77758464 -6.49172306060791
77856768 -6.50977563858032
77955072 -6.51837015151978
78053376 -6.5196681022644
78151680 -6.52357482910156
78249984 -6.53064584732056
78348288 -6.54494333267212
78446592 -6.55755472183228
78544896 -6.57946157455444
78643200 -6.59639501571655
78741504 -6.60583591461182
78839808 -6.61527395248413
78938112 -6.63182687759399
79036416 -6.64327764511108
79134720 -6.6559944152832
79233024 -6.66821432113647
79331328 -6.67773151397705
79429632 -6.68907499313354
79527936 -6.69968891143799
79626240 -6.71004962921143
79724544 -6.71446084976196
79822848 -6.71759033203125
79921152 -6.72359323501587
80019456 -6.73691892623901
80117760 -6.75675344467163
80216064 -6.77200031280518
80314368 -6.78091955184937
80412672 -6.79476547241211
80510976 -6.80597257614136
80609280 -6.81401920318604
80707584 -6.82487964630127
80805888 -6.83493566513062
80904192 -6.8470458984375
81002496 -6.85921192169189
81100800 -6.86861181259155
81199104 -6.87574005126953
81297408 -6.88374948501587
81395712 -6.89219999313354
81494016 -6.90712594985962
81592320 -6.92418622970581
81690624 -6.94271326065063
81788928 -6.96226978302002
81887232 -6.97485494613647
81985536 -6.98935413360596
82083840 -6.99645757675171
82182144 -7.00243711471558
82280448 -7.01462888717651
82378752 -7.03005695343018
82477056 -7.04589700698853
82575360 -7.05690145492554
82673664 -7.06803894042969
82771968 -7.08946847915649
82870272 -7.11377286911011
82968576 -7.12559604644775
83066880 -7.1379075050354
83165184 -7.1558952331543
83263488 -7.1688437461853
83361792 -7.18079853057861
83460096 -7.19218444824219
83558400 -7.20772552490234
83656704 -7.21530151367188
83755008 -7.22070646286011
83853312 -7.23080539703369
83951616 -7.24286222457886
84049920 -7.25829839706421
84148224 -7.2776346206665
84246528 -7.28455972671509
84344832 -7.29399490356445
84443136 -7.30837345123291
84541440 -7.31965780258179
84639744 -7.33300495147705
84738048 -7.34357213973999
84836352 -7.35728979110718
84934656 -7.37447357177734
85032960 -7.39907217025757
85131264 -7.41211414337158
85229568 -7.42476606369019
85327872 -7.43200635910034
85426176 -7.4504508972168
85524480 -7.46819162368774
85622784 -7.48351144790649
85721088 -7.50273370742798
85819392 -7.51979207992554
85917696 -7.52913427352905
86016000 -7.54620122909546
86114304 -7.56139230728149
86212608 -7.56883955001831
86310912 -7.58255910873413
86409216 -7.59478855133057
86507520 -7.61099576950073
86605824 -7.62676382064819
86704128 -7.63547468185425
86802432 -7.64405059814453
86900736 -7.66240406036377
86999040 -7.67116165161133
87097344 -7.67812824249268
87195648 -7.68747282028198
87293952 -7.70380258560181
87392256 -7.71196889877319
87490560 -7.71622037887573
87588864 -7.72825336456299
87687168 -7.74313831329346
87785472 -7.75585508346558
87883776 -7.77374219894409
87982080 -7.78009414672852
88080384 -7.79254150390625
88178688 -7.80025959014893
88276992 -7.81186676025391
88375296 -7.83037519454956
88473600 -7.84198760986328
88571904 -7.85447263717651
88670208 -7.86775207519531
88768512 -7.8735556602478
88866816 -7.88067197799683
88965120 -7.89464902877808
89063424 -7.9015679359436
89161728 -7.91123056411743
89260032 -7.9226188659668
89358336 -7.93481922149658
89456640 -7.95509672164917
89554944 -7.97026920318604
89653248 -7.98805236816406
89751552 -8.00689697265625
89849856 -8.01394939422607
89948160 -8.02639961242676
90046464 -8.04093360900879
90144768 -8.05339527130127
90243072 -8.06776714324951
90341376 -8.08028602600098
90439680 -8.09329891204834
90537984 -8.10765361785889
90636288 -8.13193798065186
90734592 -8.13973999023438
90832896 -8.14214420318604
90931200 -8.15464305877686
91029504 -8.17054271697998
91127808 -8.1898946762085
91226112 -8.19946098327637
91324416 -8.21743679046631
91422720 -8.22318649291992
91521024 -8.23086547851562
91619328 -8.24607849121094
91717632 -8.26575565338135
91815936 -8.27713203430176
91914240 -8.2892427444458
92012544 -8.30418586730957
92110848 -8.30987071990967
92209152 -8.31936073303223
92307456 -8.33570861816406
92405760 -8.35098266601562
92504064 -8.37142276763916
92602368 -8.39161014556885
92700672 -8.3998556137085
92798976 -8.40583324432373
92897280 -8.41871929168701
92995584 -8.43769359588623
93093888 -8.45008754730225
93192192 -8.46864223480225
93290496 -8.47872352600098
93388800 -8.48933029174805
93487104 -8.50112056732178
93585408 -8.51890087127686
93683712 -8.54035472869873
93782016 -8.56080150604248
93880320 -8.56900596618652
93978624 -8.57561016082764
94076928 -8.58632278442383
94175232 -8.60529041290283
94273536 -8.61278438568115
94371840 -8.61833953857422
94470144 -8.63021564483643
94568448 -8.6380786895752
94666752 -8.64556980133057
94765056 -8.65473937988281
94863360 -8.66051769256592
94961664 -8.66572570800781
95059968 -8.67691230773926
95158272 -8.68408489227295
95256576 -8.69575500488281
95354880 -8.71179389953613
95453184 -8.72708320617676
95551488 -8.74435710906982
95649792 -8.75149440765381
95748096 -8.75247478485107
95846400 -8.75633144378662
95944704 -8.77372455596924
96043008 -8.78715991973877
96141312 -8.79901790618896
96239616 -8.80680751800537
96337920 -8.81570053100586
96436224 -8.83114147186279
96534528 -8.84496212005615
96632832 -8.85299205780029
96731136 -8.86362648010254
96829440 -8.87609386444092
96927744 -8.88702487945557
97026048 -8.89321136474609
97124352 -8.90016841888428
97222656 -8.91808319091797
97320960 -8.92902851104736
97419264 -8.93787574768066
97517568 -8.95045757293701
97615872 -8.9713249206543
97714176 -8.980788230896
97812480 -8.98930835723877
97910784 -9.00219440460205
98009088 -9.01501274108887
98107392 -9.02342224121094
98205696 -9.03483390808105
98304000 -9.04271602630615
98402304 -9.05263519287109
98500608 -9.06502819061279
98598912 -9.09515953063965
98697216 -9.10995769500732
98795520 -9.11893558502197
98893824 -9.14156818389893
98992128 -9.15116310119629
99090432 -9.15675735473633
99188736 -9.16813945770264
99287040 -9.17795467376709
99385344 -9.18657112121582
99483648 -9.19690227508545
99581952 -9.20810222625732
99680256 -9.22292709350586
99778560 -9.24152565002441
99876864 -9.24636077880859
99975168 -9.25171661376953
100073472 -9.26287364959717
100171776 -9.27480316162109
100270080 -9.28631019592285
100368384 -9.30614948272705
100466688 -9.31695747375488
100564992 -9.32391166687012
100663296 -9.3424072265625
100761600 -9.35624885559082
100859904 -9.36285877227783
100958208 -9.38482570648193
101056512 -9.39748287200928
101154816 -9.40746593475342
101253120 -9.42146873474121
101351424 -9.43295288085938
101449728 -9.45368099212646
101548032 -9.46401214599609
101646336 -9.46927547454834
101744640 -9.47939300537109
101842944 -9.488112449646
101941248 -9.49617958068848
102039552 -9.50604915618896
102137856 -9.51163768768311
102236160 -9.52454376220703
102334464 -9.5385684967041
102432768 -9.551589012146
102531072 -9.56370258331299
102629376 -9.57913112640381
102727680 -9.59470653533936
102825984 -9.60803985595703
102924288 -9.62280178070068
103022592 -9.63319301605225
103120896 -9.64526653289795
103219200 -9.65112018585205
103317504 -9.65745449066162
103415808 -9.67105007171631
103514112 -9.67851161956787
103612416 -9.68829154968262
103710720 -9.70133686065674
103809024 -9.70822429656982
103907328 -9.71642780303955
104005632 -9.72254467010498
104103936 -9.72931385040283
104202240 -9.74800872802734
104300544 -9.76745510101318
104398848 -9.78447341918945
104497152 -9.80767059326172
104595456 -9.82299518585205
104693760 -9.83618640899658
104792064 -9.84900856018066
104890368 -9.86361980438232
104988672 -9.87493991851807
105086976 -9.89124202728271
105185280 -9.90382862091064
105283584 -9.91033458709717
105381888 -9.91739177703857
105480192 -9.93631267547607
105578496 -9.95058536529541
105676800 -9.96174335479736
105775104 -9.97235488891602
105873408 -9.97957992553711
105971712 -9.98799228668213
106070016 -10.0040884017944
106168320 -10.0244932174683
106266624 -10.0364675521851
106364928 -10.0499105453491
106463232 -10.0638942718506
106561536 -10.0776109695435
106659840 -10.0876951217651
106758144 -10.1031799316406
106856448 -10.115683555603
106954752 -10.1267490386963
107053056 -10.1350297927856
107151360 -10.1424989700317
107249664 -10.15318775177
107347968 -10.1654014587402
107446272 -10.1786632537842
107544576 -10.1878910064697
107642880 -10.1968994140625
107741184 -10.2051267623901
107839488 -10.21360206604
107937792 -10.2176885604858
108036096 -10.2240037918091
108134400 -10.2376089096069
108232704 -10.2549247741699
108331008 -10.2698621749878
108429312 -10.2906665802002
108527616 -10.3088998794556
108625920 -10.3180322647095
108724224 -10.3296298980713
108822528 -10.3365755081177
108920832 -10.3467712402344
109019136 -10.3574113845825
109117440 -10.3636226654053
109215744 -10.3744173049927
109314048 -10.3934907913208
109412352 -10.4131765365601
109510656 -10.423939704895
109608960 -10.4416360855103
109707264 -10.4519176483154
109805568 -10.4614934921265
109903872 -10.4712982177734
110002176 -10.4853792190552
110100480 -10.4975080490112
110198784 -10.5129699707031
110297088 -10.5240602493286
110395392 -10.5379838943481
110493696 -10.5455436706543
110592000 -10.5521421432495
110690304 -10.5630388259888
110788608 -10.5735340118408
110886912 -10.5834150314331
110985216 -10.5900869369507
111083520 -10.5987119674683
111181824 -10.6082592010498
111280128 -10.6288661956787
111378432 -10.6439018249512
111476736 -10.6621780395508
111575040 -10.6726007461548
111673344 -10.6868047714233
111771648 -10.6992197036743
111869952 -10.7083492279053
111968256 -10.7145433425903
112066560 -10.7239503860474
112164864 -10.7324476242065
112263168 -10.7444772720337
112361472 -10.759913444519
112459776 -10.7730875015259
112558080 -10.7810335159302
112656384 -10.794508934021
112754688 -10.8085813522339
112852992 -10.8166341781616
112951296 -10.8255977630615
113049600 -10.8317108154297
113147904 -10.8496694564819
113246208 -10.8553037643433
113344512 -10.8624792098999
113442816 -10.8682661056519
113541120 -10.8763761520386
113639424 -10.8835678100586
113737728 -10.895468711853
113836032 -10.9006032943726
113934336 -10.9096021652222
114032640 -10.9265260696411
114130944 -10.9446392059326
114229248 -10.9544744491577
114327552 -10.9629697799683
114425856 -10.9750385284424
114524160 -10.9797315597534
114622464 -10.9814291000366
114720768 -10.9874439239502
114819072 -10.9932098388672
114917376 -10.9984788894653
115015680 -11.005805015564
115113984 -11.0241546630859
115212288 -11.0318326950073
115310592 -11.034049987793
115408896 -11.0402870178223
115507200 -11.0532474517822
115605504 -11.0613842010498
115703808 -11.0686979293823
115802112 -11.0768852233887
115900416 -11.0849552154541
115998720 -11.0922012329102
116097024 -11.1085653305054
116195328 -11.1284627914429
116293632 -11.1447401046753
116391936 -11.1593551635742
116490240 -11.1681241989136
116588544 -11.1735897064209
116686848 -11.1812753677368
116785152 -11.1871557235718
116883456 -11.2018728256226
116981760 -11.2074508666992
117080064 -11.21311378479
117178368 -11.2284889221191
117276672 -11.2325143814087
117374976 -11.2362127304077
117473280 -11.2467403411865
117571584 -11.2558689117432
117669888 -11.2632417678833
117768192 -11.2788667678833
117866496 -11.2905721664429
117964800 -11.3104562759399
118063104 -11.3246669769287
118161408 -11.3441362380981
118259712 -11.3551301956177
118358016 -11.3704509735107
118456320 -11.3920936584473
118554624 -11.4042043685913
118652928 -11.4176731109619
118751232 -11.4378528594971
118849536 -11.4486303329468
118947840 -11.4559717178345
119046144 -11.4686422348022
119144448 -11.4751310348511
119242752 -11.4883575439453
119341056 -11.4979238510132
119439360 -11.5082273483276
119537664 -11.5150909423828
119635968 -11.5295171737671
119734272 -11.5446729660034
119832576 -11.5538930892944
119930880 -11.5664825439453
120029184 -11.5809020996094
120127488 -11.5887069702148
120225792 -11.5929126739502
120324096 -11.5997428894043
120422400 -11.6111402511597
120520704 -11.6223392486572
120619008 -11.6328001022339
120717312 -11.6461715698242
120815616 -11.6560373306274
120913920 -11.6616373062134
121012224 -11.6771030426025
121110528 -11.6887969970703
121208832 -11.7016544342041
121307136 -11.7128744125366
121405440 -11.7210254669189
121503744 -11.7289838790894
121602048 -11.7367506027222
121700352 -11.7465152740479
121798656 -11.7536306381226
121896960 -11.7601919174194
121995264 -11.7764806747437
122093568 -11.7853994369507
122191872 -11.7984952926636
122290176 -11.8080892562866
122388480 -11.8228368759155
122486784 -11.8375654220581
122585088 -11.8466377258301
122683392 -11.8642568588257
122781696 -11.8762502670288
122880000 -11.8814697265625
122978304 -11.8871183395386
123076608 -11.90012550354
123174912 -11.911581993103
123273216 -11.9184637069702
123371520 -11.9286527633667
123469824 -11.9402160644531
123568128 -11.9538106918335
123666432 -11.9590473175049
123764736 -11.9630861282349
123863040 -11.9751234054565
123961344 -11.9850578308105
124059648 -12.0014085769653
124157952 -12.0141725540161
124256256 -12.0287733078003
124354560 -12.0476751327515
124452864 -12.0606861114502
124551168 -12.0731935501099
124649472 -12.0865249633789
124747776 -12.1014642715454
124846080 -12.1160984039307
124944384 -12.1294660568237
125042688 -12.1469945907593
125140992 -12.1590032577515
125239296 -12.1700525283813
125337600 -12.1813926696777
125435904 -12.1921834945679
125534208 -12.2020921707153
125632512 -12.2175064086914
125730816 -12.2351007461548
125829120 -12.2464246749878
125927424 -12.2565202713013
126025728 -12.2786130905151
126124032 -12.2917137145996
126222336 -12.3069181442261
126320640 -12.3138093948364
126418944 -12.3249464035034
126517248 -12.3487157821655
126615552 -12.3593215942383
126713856 -12.3712682723999
126812160 -12.3843832015991
126910464 -12.4003276824951
127008768 -12.410680770874
127107072 -12.4196166992188
127205376 -12.4293222427368
127303680 -12.436354637146
127401984 -12.4438161849976
127500288 -12.4518575668335
127598592 -12.4642095565796
127696896 -12.4746065139771
127795200 -12.4807577133179
127893504 -12.4886693954468
127991808 -12.4974069595337
128090112 -12.5043363571167
128188416 -12.5222158432007
128286720 -12.5327320098877
128385024 -12.5405330657959
128483328 -12.5521230697632
128581632 -12.5681142807007
128679936 -12.5789842605591
128778240 -12.5896406173706
128876544 -12.5999145507812
128974848 -12.6126794815063
129073152 -12.6277227401733
129171456 -12.6356725692749
129269760 -12.6430034637451
129368064 -12.6612491607666
129466368 -12.6783008575439
129564672 -12.691309928894
129662976 -12.6999607086182
129761280 -12.7109527587891
129859584 -12.7164764404297
129957888 -12.7210292816162
130056192 -12.732385635376
130154496 -12.7445402145386
130252800 -12.7528696060181
130351104 -12.7646703720093
130449408 -12.7791318893433
130547712 -12.7884941101074
130646016 -12.7964887619019
130744320 -12.8045454025269
130842624 -12.8122529983521
130940928 -12.8263883590698
131039232 -12.8372068405151
131137536 -12.8452301025391
131235840 -12.8527526855469
131334144 -12.8622665405273
131432448 -12.8705034255981
131530752 -12.8794889450073
131629056 -12.8936100006104
131727360 -12.9088773727417
131825664 -12.9162511825562
131923968 -12.933123588562
132022272 -12.9468450546265
132120576 -12.9599180221558
132218880 -12.9715299606323
132317184 -12.9832830429077
132415488 -12.9941101074219
132513792 -13.0044050216675
132612096 -13.0119905471802
132710400 -13.0163793563843
132808704 -13.0282564163208
132907008 -13.0400381088257
133005312 -13.0468444824219
133103616 -13.0570249557495
133201920 -13.0684299468994
133300224 -13.0800342559814
133398528 -13.091516494751
133496832 -13.1015672683716
133595136 -13.1086196899414
133693440 -13.1177434921265
133791744 -13.132513999939
133890048 -13.1516408920288
133988352 -13.1679916381836
134086656 -13.1789884567261
134184960 -13.1898441314697
134283264 -13.1990146636963
134381568 -13.205530166626
134479872 -13.2131834030151
134578176 -13.2218351364136
134676480 -13.2357320785522
134774784 -13.248291015625
134873088 -13.2565069198608
134971392 -13.2699680328369
135069696 -13.2797002792358
135168000 -13.2913122177124
135266304 -13.3037691116333
135364608 -13.3196430206299
135462912 -13.3329544067383
135561216 -13.3407440185547
135659520 -13.3558778762817
135757824 -13.3745193481445
135856128 -13.383864402771
135954432 -13.3909149169922
136052736 -13.3976058959961
136151040 -13.40500831604
136249344 -13.4161939620972
136347648 -13.4272966384888
136445952 -13.4399538040161
136544256 -13.4513492584229
136642560 -13.4598512649536
136740864 -13.4654130935669
136839168 -13.4731416702271
136937472 -13.4874029159546
137035776 -13.4977998733521
137134080 -13.5113849639893
137232384 -13.520131111145
137330688 -13.5333547592163
137428992 -13.5538330078125
137527296 -13.5617818832397
137625600 -13.5706806182861
137723904 -13.5861024856567
137822208 -13.5923328399658
137920512 -13.6017198562622
138018816 -13.6086950302124
138117120 -13.6160802841187
138215424 -13.6316328048706
138313728 -13.6472778320312
138412032 -13.6568021774292
138510336 -13.6653594970703
138608640 -13.6712141036987
138706944 -13.6792907714844
138805248 -13.6874847412109
138903552 -13.6943693161011
139001856 -13.7012100219727
139100160 -13.7068958282471
139198464 -13.7117071151733
139296768 -13.7210693359375
139395072 -13.7323303222656
139493376 -13.74045753479
139591680 -13.7489624023438
139689984 -13.7588777542114
139788288 -13.7715196609497
139886592 -13.7822179794312
139984896 -13.7924528121948
140083200 -13.8044328689575
140181504 -13.8175354003906
140279808 -13.82763671875
140378112 -13.8373966217041
140476416 -13.8511142730713
140574720 -13.8652849197388
140673024 -13.8777074813843
140771328 -13.8841705322266
140869632 -13.896201133728
140967936 -13.9077939987183
141066240 -13.9190826416016
141164544 -13.9276647567749
141262848 -13.9358491897583
141361152 -13.9464263916016
141459456 -13.9552783966064
141557760 -13.9668493270874
141656064 -13.9761476516724
141754368 -13.9865970611572
141852672 -13.9945478439331
141950976 -14.0064315795898
142049280 -14.016303062439
142147584 -14.0243244171143
142245888 -14.0356588363647
142344192 -14.0479154586792
142442496 -14.0564346313477
142540800 -14.067834854126
142639104 -14.0763921737671
142737408 -14.0806169509888
142835712 -14.090106010437
142934016 -14.0983047485352
143032320 -14.1108312606812
143130624 -14.1268682479858
143228928 -14.1404333114624
143327232 -14.1497831344604
143425536 -14.1568021774292
143523840 -14.1677341461182
143622144 -14.1857089996338
143720448 -14.1956243515015
143818752 -14.2020635604858
143917056 -14.2098512649536
144015360 -14.2268772125244
144113664 -14.2433013916016
144211968 -14.2520170211792
144310272 -14.2601537704468
144408576 -14.2681493759155
144506880 -14.2745885848999
144605184 -14.2797183990479
144703488 -14.2853002548218
144801792 -14.2917356491089
144900096 -14.3021764755249
144998400 -14.3124361038208
145096704 -14.3175420761108
145195008 -14.3232297897339
145293312 -14.3325748443604
145391616 -14.3397016525269
145489920 -14.347128868103
145588224 -14.3607988357544
145686528 -14.3673391342163
145784832 -14.3717193603516
145883136 -14.3780536651611
145981440 -14.3841037750244
146079744 -14.3913717269897
146178048 -14.3983793258667
146276352 -14.4057312011719
146374656 -14.4136199951172
146472960 -14.4224462509155
146571264 -14.4299745559692
146669568 -14.4385633468628
146767872 -14.4464235305786
146866176 -14.4527273178101
146964480 -14.4604520797729
147062784 -14.4700117111206
147161088 -14.4815740585327
147259392 -14.491904258728
147357696 -14.4990377426147
147456000 -14.5099077224731
147554304 -14.5195770263672
147652608 -14.5331268310547
147750912 -14.5419845581055
147849216 -14.5503759384155
147947520 -14.5659990310669
148045824 -14.5767946243286
148144128 -14.5873327255249
148242432 -14.5992631912231
148340736 -14.61106300354
148439040 -14.6211700439453
148537344 -14.6329793930054
148635648 -14.6434326171875
148733952 -14.6567325592041
148832256 -14.6636877059937
148930560 -14.6685991287231
149028864 -14.6786594390869
149127168 -14.6872043609619
149225472 -14.700891494751
149323776 -14.7120866775513
149422080 -14.719708442688
149520384 -14.7282743453979
149618688 -14.7366704940796
149716992 -14.743842124939
149815296 -14.7492542266846
149913600 -14.7579946517944
150011904 -14.773627281189
150110208 -14.7838010787964
150208512 -14.7911558151245
150306816 -14.7946367263794
150405120 -14.7960376739502
150503424 -14.7996082305908
150601728 -14.8093109130859
150700032 -14.8191595077515
150798336 -14.8280439376831
150896640 -14.8423948287964
150994944 -14.8542709350586
151093248 -14.8670988082886
151191552 -14.8778095245361
151289856 -14.8940372467041
151388160 -14.9074783325195
151486464 -14.9192838668823
151584768 -14.9272832870483
151683072 -14.933066368103
151781376 -14.9393968582153
151879680 -14.9442367553711
151977984 -14.9521789550781
152076288 -14.9641332626343
152174592 -14.9736423492432
152272896 -14.988600730896
152371200 -15.002685546875
152469504 -15.0093870162964
152567808 -15.0163879394531
152666112 -15.0205640792847
152764416 -15.0328617095947
152862720 -15.0469694137573
152961024 -15.0561389923096
153059328 -15.0608892440796
153157632 -15.0663022994995
153255936 -15.0729703903198
153354240 -15.0826482772827
153452544 -15.0934295654297
153550848 -15.0985689163208
153649152 -15.1050338745117
153747456 -15.1082582473755
153845760 -15.1138486862183
153944064 -15.117805480957
154042368 -15.1256685256958
154140672 -15.1305055618286
154238976 -15.1358737945557
154337280 -15.1402387619019
154435584 -15.1462316513062
154533888 -15.1505193710327
154632192 -15.1586456298828
154730496 -15.1736497879028
154828800 -15.1814422607422
154927104 -15.1863708496094
155025408 -15.1942052841187
155123712 -15.2074041366577
155222016 -15.2217502593994
155320320 -15.2302389144897
155418624 -15.2398633956909
155516928 -15.2466421127319
155615232 -15.2577466964722
155713536 -15.2646360397339
155811840 -15.2710447311401
155910144 -15.2764806747437
156008448 -15.2843084335327
156106752 -15.292218208313
156205056 -15.3005771636963
156303360 -15.3087606430054
156401664 -15.323073387146
156499968 -15.330527305603
156598272 -15.3351278305054
156696576 -15.3404417037964
156794880 -15.3479375839233
156893184 -15.3576879501343
156991488 -15.364860534668
157089792 -15.3729400634766
157188096 -15.3817977905273
157286400 -15.3913145065308
157384704 -15.3976488113403
157483008 -15.4050359725952
157581312 -15.4149627685547
157679616 -15.4231872558594
157777920 -15.4326219558716
157876224 -15.4512052536011
157974528 -15.4610214233398
158072832 -15.4680395126343
158171136 -15.4761829376221
158269440 -15.4892044067383
158367744 -15.5004367828369
158466048 -15.5149993896484
158564352 -15.5254030227661
158662656 -15.5350179672241
158760960 -15.5449113845825
158859264 -15.5549192428589
158957568 -15.5634603500366
159055872 -15.572868347168
159154176 -15.5819091796875
159252480 -15.5937833786011
159350784 -15.6069688796997
159449088 -15.6145353317261
159547392 -15.6262359619141
159645696 -15.6365604400635
159744000 -15.6462421417236
159842304 -15.661883354187
159940608 -15.6727237701416
160038912 -15.6845979690552
160137216 -15.699610710144
160235520 -15.7106113433838
160333824 -15.718939781189
160432128 -15.7298917770386
160530432 -15.7378282546997
160628736 -15.7503910064697
160727040 -15.7647676467896
160825344 -15.7752599716187
160923648 -15.784140586853
161021952 -15.7906799316406
161120256 -15.7933397293091
161218560 -15.796124458313
161316864 -15.8014526367188
161415168 -15.8105688095093
161513472 -15.8209600448608
161611776 -15.8300085067749
161710080 -15.8406057357788
161808384 -15.8454694747925
161906688 -15.8504581451416
162004992 -15.8598403930664
162103296 -15.867790222168
162201600 -15.8725862503052
162299904 -15.8810729980469
162398208 -15.8873672485352
162496512 -15.8981323242188
162594816 -15.9055986404419
162693120 -15.9151487350464
162791424 -15.9243259429932
162889728 -15.9310827255249
162988032 -15.9388151168823
163086336 -15.9524297714233
163184640 -15.9609394073486
163282944 -15.9704656600952
163381248 -15.980429649353
163479552 -15.9859714508057
163577856 -15.9973621368408
163676160 -16.0071048736572
163774464 -16.0254192352295
163872768 -16.0350456237793
163971072 -16.044563293457
164069376 -16.054479598999
164167680 -16.0611820220947
164265984 -16.0690040588379
164364288 -16.0788478851318
164462592 -16.0888214111328
164560896 -16.0956058502197
164659200 -16.098108291626
164757504 -16.1015815734863
164855808 -16.1055450439453
164954112 -16.1140670776367
165052416 -16.1248359680176
165150720 -16.1316680908203
165249024 -16.1376953125
165347328 -16.1447639465332
165445632 -16.1539192199707
165543936 -16.1630306243896
165642240 -16.1690864562988
165740544 -16.1723690032959
165838848 -16.1796722412109
165937152 -16.1886196136475
166035456 -16.1947536468506
166133760 -16.2003364562988
166232064 -16.2067775726318
166330368 -16.2140522003174
166428672 -16.2208461761475
166526976 -16.2262229919434
166625280 -16.2367687225342
166723584 -16.2450313568115
166821888 -16.252103805542
166920192 -16.2617931365967
167018496 -16.2720069885254
167116800 -16.2867794036865
167215104 -16.2998485565186
167313408 -16.3142585754395
167411712 -16.3253993988037
167510016 -16.3328590393066
167608320 -16.3424224853516
167706624 -16.3512859344482
167804928 -16.3593463897705
167903232 -16.3683891296387
168001536 -16.3759098052979
168099840 -16.3810520172119
168198144 -16.3843898773193
168296448 -16.3886165618896
168394752 -16.3939838409424
168493056 -16.4035301208496
168591360 -16.4110107421875
168689664 -16.4157943725586
168787968 -16.4208469390869
168886272 -16.4274024963379
168984576 -16.4391784667969
169082880 -16.4505252838135
169181184 -16.4642696380615
169279488 -16.4703044891357
169377792 -16.4761199951172
169476096 -16.4865207672119
169574400 -16.5012722015381
169672704 -16.5158176422119
169771008 -16.5211334228516
169869312 -16.5286655426025
169967616 -16.5391635894775
170065920 -16.5525283813477
170164224 -16.5659847259521
170262528 -16.5722465515137
170360832 -16.5822734832764
170459136 -16.5968360900879
170557440 -16.6064891815186
170655744 -16.6165733337402
170754048 -16.6236515045166
170852352 -16.6290264129639
170950656 -16.6355438232422
171048960 -16.6475200653076
171147264 -16.6573791503906
171245568 -16.6640911102295
171343872 -16.6711311340332
171442176 -16.6762218475342
171540480 -16.6803874969482
171638784 -16.6853771209717
171737088 -16.6928997039795
171835392 -16.7016162872314
171933696 -16.7114486694336
172032000 -16.7192420959473
172130304 -16.7247924804688
172228608 -16.7302188873291
172326912 -16.7384700775146
172425216 -16.7480697631836
172523520 -16.7533054351807
172621824 -16.7572593688965
172720128 -16.7619342803955
172818432 -16.7667903900146
172916736 -16.7710380554199
173015040 -16.776668548584
173113344 -16.7836952209473
173211648 -16.7893924713135
173309952 -16.7976703643799
173408256 -16.8089141845703
173506560 -16.8284721374512
173604864 -16.8362865447998
173703168 -16.8446865081787
173801472 -16.8540935516357
173899776 -16.8680324554443
173998080 -16.8820667266846
174096384 -16.892822265625
174194688 -16.8999614715576
174292992 -16.90846824646
174391296 -16.9163417816162
174489600 -16.9218349456787
174587904 -16.9277172088623
174686208 -16.9348888397217
174784512 -16.94313621521
174882816 -16.9490604400635
174981120 -16.9517974853516
175079424 -16.9549446105957
175177728 -16.9616279602051
175276032 -16.9706916809082
175374336 -16.9784145355225
175472640 -16.9849166870117
175570944 -16.9885120391846
175669248 -16.9917945861816
175767552 -16.996862411499
175865856 -17.0043601989746
175964160 -17.0113048553467
176062464 -17.0187587738037
176160768 -17.0272102355957
176259072 -17.0337238311768
176357376 -17.0394229888916
176455680 -17.047290802002
176553984 -17.0575199127197
176652288 -17.0655632019043
176750592 -17.0753879547119
176848896 -17.0850200653076
176947200 -17.0947723388672
177045504 -17.1050930023193
177143808 -17.1077938079834
177242112 -17.109302520752
177340416 -17.1118755340576
177438720 -17.1175975799561
177537024 -17.1221446990967
177635328 -17.1264705657959
177733632 -17.1361217498779
177831936 -17.1437721252441
177930240 -17.1510143280029
178028544 -17.1555118560791
178126848 -17.1597499847412
178225152 -17.1623783111572
178323456 -17.165075302124
178421760 -17.1673030853271
178520064 -17.1697082519531
178618368 -17.1751041412354
178716672 -17.1863651275635
178814976 -17.1925106048584
178913280 -17.1983222961426
179011584 -17.2057552337646
179109888 -17.2125473022461
179208192 -17.2199382781982
179306496 -17.2250804901123
179404800 -17.2375450134277
179503104 -17.2628307342529
179601408 -17.2708721160889
179699712 -17.2800197601318
179798016 -17.2871742248535
179896320 -17.2959938049316
179994624 -17.3062076568604
180092928 -17.3143863677979
180191232 -17.3167877197266
180289536 -17.317964553833
180387840 -17.322229385376
180486144 -17.3252487182617
180584448 -17.3306217193604
180682752 -17.337064743042
180781056 -17.3470344543457
180879360 -17.3547496795654
180977664 -17.3647747039795
181075968 -17.3796291351318
181174272 -17.3965091705322
181272576 -17.4163875579834
181370880 -17.4281158447266
181469184 -17.4361400604248
181567488 -17.4431114196777
181665792 -17.4494972229004
181764096 -17.4539947509766
181862400 -17.4592876434326
181960704 -17.4695491790771
182059008 -17.4776515960693
182157312 -17.4857139587402
182255616 -17.4940738677979
182353920 -17.5012302398682
182452224 -17.5062408447266
182550528 -17.5130462646484
182648832 -17.5197334289551
182747136 -17.5298709869385
182845440 -17.5376949310303
182943744 -17.5433940887451
183042048 -17.5457668304443
183140352 -17.5488719940186
183238656 -17.5539741516113
183336960 -17.5600910186768
183435264 -17.5668392181396
183533568 -17.5797367095947
183631872 -17.594295501709
183730176 -17.6015968322754
183828480 -17.6055030822754
183926784 -17.6120910644531
184025088 -17.6202583312988
184123392 -17.6344966888428
184221696 -17.6417961120605
184320000 -17.644474029541
184418304 -17.6482830047607
184516608 -17.6533184051514
184614912 -17.6586818695068
184713216 -17.664493560791
184811520 -17.6728076934814
184909824 -17.6772518157959
185008128 -17.6836528778076
185106432 -17.6931495666504
185204736 -17.7017421722412
185303040 -17.7167568206787
185401344 -17.7240390777588
185499648 -17.7326335906982
185597952 -17.7374801635742
185696256 -17.7396831512451
185794560 -17.7466011047363
185892864 -17.7555980682373
185991168 -17.76513671875
186089472 -17.7761840820312
186187776 -17.7903995513916
186286080 -17.7977046966553
186384384 -17.8044242858887
186482688 -17.8125762939453
186580992 -17.8172149658203
186679296 -17.8238105773926
186777600 -17.8345890045166
186875904 -17.8427791595459
186974208 -17.849781036377
187072512 -17.8594303131104
187170816 -17.8695735931396
187269120 -17.8756084442139
187367424 -17.8791408538818
187465728 -17.8839912414551
187564032 -17.8891506195068
187662336 -17.8960094451904
187760640 -17.9029941558838
187858944 -17.9141941070557
187957248 -17.9318103790283
188055552 -17.9422969818115
188153856 -17.9496440887451
188252160 -17.954345703125
188350464 -17.9588375091553
188448768 -17.9621734619141
188547072 -17.9676876068115
188645376 -17.9713306427002
188743680 -17.9761867523193
188841984 -17.9813480377197
188940288 -17.984899520874
189038592 -17.9910049438477
189136896 -17.9992065429688
189235200 -17.9989013671875
189333504 -17.9995269775391
189431808 -18.0082530975342
189530112 -18.0133609771729
189628416 -18.0273723602295
189726720 -18.0366973876953
189825024 -18.047607421875
189923328 -18.0554332733154
190021632 -18.0661468505859
190119936 -18.0747966766357
190218240 -18.0795402526855
190316544 -18.0903224945068
190414848 -18.0976600646973
190513152 -18.1096782684326
190611456 -18.1172313690186
190709760 -18.1262817382812
190808064 -18.1311531066895
190906368 -18.1425457000732
191004672 -18.1507568359375
191102976 -18.1548976898193
191201280 -18.1616725921631
191299584 -18.1662654876709
191397888 -18.1692638397217
191496192 -18.1738338470459
191594496 -18.1797161102295
191692800 -18.1849803924561
191791104 -18.1883316040039
191889408 -18.1943874359131
191987712 -18.2001953125
192086016 -18.203332901001
192184320 -18.2044811248779
192282624 -18.2071056365967
192380928 -18.2116069793701
192479232 -18.2208461761475
192577536 -18.2286205291748
192675840 -18.2335243225098
192774144 -18.2410755157471
192872448 -18.2534980773926
192970752 -18.2596015930176
193069056 -18.2658748626709
193167360 -18.2733039855957
193265664 -18.27734375
193363968 -18.2829132080078
193462272 -18.2885341644287
193560576 -18.2961826324463
193658880 -18.306661605835
193757184 -18.3133277893066
193855488 -18.3249034881592
193953792 -18.3334484100342
194052096 -18.3406982421875
194150400 -18.3464374542236
194248704 -18.3514232635498
194347008 -18.3596935272217
194445312 -18.3677978515625
194543616 -18.3716716766357
194641920 -18.3799591064453
194740224 -18.3820552825928
194838528 -18.384973526001
194936832 -18.3920631408691
195035136 -18.4010448455811
195133440 -18.408971786499
195231744 -18.4137096405029
195330048 -18.4170551300049
195428352 -18.4187927246094
195526656 -18.4198017120361
195624960 -18.4224681854248
195723264 -18.425220489502
195821568 -18.428689956665
195919872 -18.4335918426514
196018176 -18.4421291351318
196116480 -18.4520816802979
196214784 -18.4557285308838
196313088 -18.4586486816406
196411392 -18.4603900909424
196509696 -18.4627227783203
