1 17.0267944335938
2 17.0344581604004
3 16.9917602539062
4 16.9593963623047
5 16.9080238342285
6 16.8660869598389
7 16.8451633453369
8 16.7970314025879
9 16.74684715271
10 16.6964912414551
11 16.6679077148438
12 16.6022434234619
13 16.5303192138672
14 16.4679565429688
15 16.3797779083252
16 16.2989234924316
17 16.2077178955078
18 16.1051921844482
19 16.0048217773438
20 15.897442817688
21 15.7940340042114
22 15.6635618209839
23 15.5584201812744
24 15.4391241073608
25 15.2968082427979
26 15.1838254928589
27 15.043176651001
28 14.9138278961182
29 14.7755813598633
30 14.6118183135986
31 14.4424047470093
32 14.321759223938
33 14.2058763504028
34 13.9843664169312
35 13.8376007080078
36 13.6894474029541
37 13.5444860458374
38 13.3993196487427
39 13.260968208313
40 13.1214208602905
41 12.9742069244385
42 12.8314075469971
43 12.6744918823242
44 12.5216083526611
45 12.3625078201294
46 12.203070640564
47 12.018871307373
48 11.875937461853
49 11.7375822067261
50 11.5923795700073
51 11.4431562423706
52 11.3017778396606
53 11.1563920974731
54 10.9925909042358
55 10.8200483322144
56 10.7449312210083
57 10.5771484375
58 10.4065608978271
59 10.3618040084839
60 10.3203973770142
61 10.2722063064575
62 10.1973762512207
63 10.073920249939
64 9.92113876342773
65 9.87131881713867
66 9.84325122833252
67 9.80750179290771
68 9.76022243499756
69 9.65977954864502
70 9.49899005889893
71 9.40145206451416
72 9.29965877532959
73 9.25023651123047
74 9.14326667785645
75 9.03793621063232
76 8.95284271240234
77 8.85210609436035
78 8.75023651123047
79 8.70534420013428
80 8.65413570404053
81 8.55484771728516
82 8.50609302520752
83 8.40904712677002
84 8.32535743713379
85 8.25527191162109
86 8.21611976623535
87 8.16687679290771
88 8.11292743682861
89 8.03310585021973
90 7.95238590240479
91 7.89228820800781
92 7.8393874168396
93 7.7671160697937
94 7.71894836425781
95 7.64792966842651
96 7.61037921905518
97 7.53805303573608
98 7.47714376449585
99 7.42359685897827
100 7.37449502944946
101 7.28379440307617
102 7.22790670394897
103 7.18020391464233
104 7.11708402633667
105 7.05807065963745
106 7.02760696411133
107 6.98882150650024
108 6.93624877929688
109 6.87112426757812
110 6.8149676322937
111 6.75204229354858
112 6.69526243209839
113 6.66206693649292
114 6.59248685836792
115 6.55541706085205
116 6.5034499168396
117 6.4436297416687
118 6.38933610916138
119 6.32066822052002
120 6.28155040740967
121 6.23087549209595
122 6.19805097579956
123 6.16352033615112
124 6.10173177719116
125 6.07727193832397
126 6.06043577194214
127 6.03365230560303
128 5.98639440536499
129 5.93291187286377
130 5.88732433319092
131 5.84472274780273
132 5.81335210800171
133 5.77604293823242
134 5.71853590011597
135 5.690345287323
136 5.68092727661133
137 5.6571249961853
138 5.61671590805054
139 5.60432291030884
140 5.58937311172485
141 5.5537052154541
142 5.52308130264282
143 5.48904800415039
144 5.46371746063232
145 5.44877195358276
146 5.42822170257568
147 5.40161085128784
148 5.36864805221558
149 5.34407472610474
150 5.31051111221313
151 5.27546787261963
152 5.24520063400269
153 5.20592069625854
154 5.16588163375854
155 5.13159132003784
156 5.08734273910522
157 5.07310819625854
158 5.06171274185181
159 5.02874135971069
160 5.00231885910034
161 4.96541452407837
162 4.93024206161499
163 4.90582036972046
164 4.86923170089722
165 4.81371688842773
166 4.79444980621338
167 4.77497673034668
168 4.7564902305603
169 4.72599506378174
170 4.69225454330444
171 4.66609334945679
172 4.6296501159668
173 4.61093473434448
174 4.57648706436157
175 4.54529571533203
176 4.53070306777954
177 4.51506757736206
178 4.48391056060791
179 4.45358753204346
180 4.41840314865112
181 4.40234518051147
182 4.36982107162476
183 4.33602237701416
184 4.31398153305054
185 4.28958511352539
186 4.27074003219604
187 4.25135374069214
188 4.24144458770752
189 4.22492742538452
190 4.19310998916626
191 4.15508604049683
192 4.12043619155884
193 4.08042287826538
194 4.06896591186523
195 4.06021881103516
196 4.04174184799194
197 4.01405906677246
198 3.99208116531372
199 3.9642059803009
200 3.92965579032898
201 3.88664555549622
202 3.85205698013306
203 3.81723260879517
204 3.7848174571991
205 3.75854730606079
206 3.72509002685547
207 3.68627858161926
208 3.66703796386719
209 3.64701581001282
210 3.61651539802551
211 3.5716278553009
212 3.55320048332214
213 3.53299260139465
214 3.50464510917664
215 3.489253282547
216 3.47723245620728
217 3.46896147727966
218 3.44900441169739
219 3.42243838310242
220 3.40103602409363
221 3.37881636619568
222 3.3619167804718
223 3.3451714515686
224 3.31927728652954
225 3.29864811897278
226 3.28051376342773
227 3.26329398155212
228 3.22316527366638
229 3.2008969783783
230 3.17539668083191
231 3.1519558429718
232 3.12852263450623
233 3.11134314537048
234 3.09427523612976
235 3.06848502159119
236 3.0451328754425
237 3.02720093727112
238 3.00620579719543
239 2.99184775352478
240 2.97508788108826
241 2.96726012229919
242 2.94543361663818
243 2.91416168212891
244 2.8929660320282
245 2.87667465209961
246 2.86354064941406
247 2.83879590034485
248 2.82473921775818
249 2.80499839782715
250 2.78149771690369
251 2.74978137016296
252 2.71997714042664
253 2.7101457118988
254 2.69645857810974
255 2.67615127563477
256 2.65851521492004
257 2.63736033439636
258 2.60074543952942
259 2.5869996547699
260 2.57276844978333
261 2.54437589645386
262 2.52606320381165
263 2.50775003433228
264 2.48794603347778
265 2.46006655693054
266 2.42828559875488
267 2.41831469535828
268 2.41182899475098
269 2.39809918403625
270 2.37513780593872
271 2.3609664440155
272 2.34037947654724
273 2.32527732849121
274 2.30893206596375
275 2.29879188537598
276 2.28890633583069
277 2.28419637680054
278 2.27214932441711
279 2.25478434562683
280 2.23047566413879
281 2.21921968460083
282 2.20540690422058
283 2.17390370368958
284 2.15374159812927
285 2.14117479324341
286 2.13667368888855
287 2.12738585472107
288 2.1173985004425
289 2.10297966003418
290 2.09314060211182
291 2.07296633720398
292 2.06590914726257
293 2.04717230796814
294 2.0369770526886
295 2.01467204093933
296 1.97523498535156
297 1.94760501384735
298 1.91868710517883
299 1.91033136844635
300 1.90220677852631
301 1.88792157173157
302 1.86902582645416
303 1.85890090465546
304 1.84175968170166
305 1.82740139961243
306 1.80030786991119
307 1.77942752838135
308 1.74277532100677
309 1.72079432010651
310 1.70316851139069
311 1.67613875865936
312 1.64827239513397
313 1.61583983898163
314 1.59746587276459
315 1.57250595092773
316 1.55674982070923
317 1.53745269775391
318 1.51096892356873
319 1.48626387119293
320 1.4621330499649
321 1.45188295841217
322 1.42820119857788
323 1.38987123966217
324 1.35769712924957
325 1.33819091320038
326 1.32704246044159
327 1.31279838085175
328 1.30193507671356
329 1.27820587158203
330 1.26438224315643
331 1.25196444988251
332 1.23859465122223
333 1.22183978557587
334 1.1962388753891
335 1.176877617836
336 1.15420436859131
337 1.14324223995209
338 1.13164043426514
339 1.11003434658051
340 1.09096395969391
341 1.0716940164566
342 1.05097246170044
343 1.02093183994293
344 1.00233614444733
345 0.982765376567841
346 0.965539753437042
347 0.942261874675751
348 0.909467995166779
349 0.897257626056671
350 0.886722207069397
351 0.869005680084229
352 0.854515850543976
353 0.825840592384338
354 0.810243904590607
355 0.796036720275879
356 0.781177222728729
357 0.768697559833527
358 0.749542415142059
359 0.739922761917114
360 0.731302738189697
361 0.726446092128754
362 0.719386696815491
363 0.694232940673828
364 0.664260804653168
365 0.638786256313324
366 0.620846211910248
367 0.600599944591522
368 0.589067876338959
369 0.570213615894318
370 0.548051536083221
371 0.510124981403351
372 0.491375505924225
373 0.475257694721222
374 0.448385149240494
375 0.432571411132812
376 0.414507299661636
377 0.38781464099884
378 0.380614429712296
379 0.377162039279938
380 0.365068465471268
381 0.350147217512131
382 0.321939915418625
383 0.30949205160141
384 0.29488143324852
385 0.263148158788681
386 0.237202122807503
387 0.207886815071106
388 0.191793665289879
389 0.178961381316185
390 0.154291674494743
391 0.125186681747437
392 0.105260394513607
393 0.0893722698092461
394 0.065671794116497
395 0.0521747469902039
396 0.0212449915707111
397 -0.0162699706852436
398 -0.0322426669299603
399 -0.047767486423254
400 -0.0686219111084938
401 -0.0941095128655434
402 -0.102522395551205
403 -0.119980290532112
404 -0.145564824342728
405 -0.166712403297424
406 -0.202880293130875
407 -0.219987198710442
408 -0.235519513487816
409 -0.249840885400772
410 -0.269520610570908
411 -0.302347928285599
412 -0.318547546863556
413 -0.342772871255875
414 -0.360511034727097
415 -0.378404378890991
416 -0.390758901834488
417 -0.408085823059082
418 -0.412156015634537
419 -0.417657852172852
420 -0.436131924390793
421 -0.456492722034454
422 -0.476062536239624
423 -0.491084784269333
424 -0.508244693279266
425 -0.52253532409668
426 -0.546245515346527
427 -0.56284099817276
428 -0.586743831634521
429 -0.607482135295868
430 -0.627622246742249
431 -0.64012086391449
432 -0.659132957458496
433 -0.68656587600708
434 -0.694014728069305
435 -0.699957370758057
436 -0.715176582336426
437 -0.734707176685333
438 -0.746223866939545
439 -0.765359878540039
440 -0.777428805828094
441 -0.784359157085419
442 -0.802937150001526
443 -0.82612270116806
444 -0.846535861492157
445 -0.863737106323242
446 -0.871298909187317
447 -0.885447025299072
448 -0.892881691455841
449 -0.899257659912109
450 -0.926969349384308
451 -0.939643979072571
452 -0.947215378284454
453 -0.967566907405853
454 -0.988466382026672
455 -1.00727081298828
456 -1.02184724807739
457 -1.04081392288208
458 -1.06178021430969
459 -1.07952773571014
460 -1.09018850326538
461 -1.10353016853333
462 -1.11939287185669
463 -1.13361585140228
464 -1.15113544464111
465 -1.1737824678421
466 -1.19061017036438
467 -1.20813071727753
468 -1.22275257110596
469 -1.23103666305542
470 -1.25159168243408
471 -1.27307593822479
472 -1.29363238811493
473 -1.31171882152557
474 -1.3382785320282
475 -1.36875760555267
476 -1.38523375988007
477 -1.40207183361053
478 -1.41690051555634
479 -1.44140958786011
480 -1.46110379695892
481 -1.48045945167542
482 -1.49772310256958
483 -1.51177251338959
484 -1.52623748779297
485 -1.54239594936371
486 -1.56726551055908
487 -1.58184194564819
488 -1.59291982650757
489 -1.60191345214844
490 -1.61917805671692
491 -1.63194811344147
492 -1.64619672298431
493 -1.66216659545898
494 -1.67800223827362
495 -1.68938732147217
496 -1.71089589595795
497 -1.7319256067276
498 -1.74860346317291
499 -1.7645515203476
500 -1.78668975830078
501 -1.80105531215668
502 -1.8332906961441
503 -1.88411939144135
504 -1.9064279794693
505 -1.93932807445526
506 -1.956906914711
507 -1.97103273868561
508 -1.98450684547424
509 -1.9929815530777
510 -2.00835299491882
511 -2.03196787834167
512 -2.05074882507324
513 -2.07451963424683
514 -2.09985589981079
515 -2.12834215164185
516 -2.14093565940857
517 -2.14632153511047
518 -2.16206097602844
519 -2.1820182800293
520 -2.20150184631348
521 -2.21491098403931
522 -2.2329535484314
523 -2.26323294639587
524 -2.28289341926575
525 -2.3000180721283
526 -2.32671046257019
527 -2.34421396255493
528 -2.35698390007019
529 -2.37370729446411
530 -2.38223958015442
531 -2.39314031600952
532 -2.41300535202026
533 -2.42380714416504
534 -2.43773365020752
535 -2.45630311965942
536 -2.47551798820496
537 -2.48441863059998
538 -2.49994826316833
539 -2.52241468429565
540 -2.54084372520447
541 -2.56801414489746
542 -2.58838248252869
543 -2.60594058036804
544 -2.62472724914551
545 -2.6305091381073
546 -2.63500928878784
547 -2.64681172370911
548 -2.66001439094543
549 -2.67400789260864
550 -2.68402647972107
551 -2.69377827644348
552 -2.70096302032471
553 -2.71673130989075
554 -2.74049615859985
555 -2.75108957290649
556 -2.75750589370728
557 -2.76667475700378
558 -2.77985692024231
559 -2.79322552680969
560 -2.81002068519592
561 -2.82723355293274
562 -2.84756302833557
563 -2.86678028106689
564 -2.88995671272278
565 -2.91805481910706
566 -2.93423676490784
567 -2.95307183265686
568 -2.97182583808899
569 -2.99712753295898
570 -3.01358962059021
571 -3.02317953109741
572 -3.04718017578125
573 -3.05681848526001
574 -3.07040286064148
575 -3.0910108089447
576 -3.10002565383911
577 -3.11096024513245
578 -3.12870383262634
579 -3.14960646629333
580 -3.16682314872742
581 -3.18433499336243
582 -3.20010375976562
583 -3.21809458732605
584 -3.23281931877136
585 -3.25097727775574
586 -3.26203989982605
587 -3.27542281150818
588 -3.28916716575623
589 -3.30332112312317
590 -3.30812764167786
591 -3.31363940238953
592 -3.32908797264099
593 -3.3467583656311
594 -3.36500906944275
595 -3.38434672355652
596 -3.41472101211548
597 -3.4364640712738
598 -3.45123648643494
599 -3.47090077400208
600 -3.48988795280457
601 -3.50097060203552
602 -3.51187491416931
603 -3.52579379081726
604 -3.54687666893005
605 -3.56964039802551
606 -3.57767605781555
607 -3.58525276184082
608 -3.59877967834473
609 -3.61990714073181
610 -3.63787245750427
611 -3.66374278068542
612 -3.67988562583923
613 -3.69155502319336
614 -3.70116472244263
615 -3.71574664115906
616 -3.72220277786255
617 -3.73578715324402
618 -3.75102877616882
619 -3.77179908752441
620 -3.78594255447388
621 -3.79908061027527
622 -3.82347464561462
623 -3.8385055065155
624 -3.85216569900513
625 -3.87798810005188
626 -3.91673350334167
627 -3.93850111961365
628 -3.95904159545898
629 -3.97366070747375
630 -3.98609519004822
631 -4.00059270858765
632 -4.00619840621948
633 -4.0135293006897
634 -4.02120399475098
635 -4.02923727035522
636 -4.04617547988892
637 -4.05389785766602
638 -4.0691351890564
639 -4.08974599838257
640 -4.1050910949707
641 -4.12038278579712
642 -4.1363730430603
643 -4.15483856201172
644 -4.17792510986328
645 -4.18937683105469
646 -4.20608472824097
647 -4.22568798065186
648 -4.24744749069214
649 -4.26335906982422
650 -4.28305673599243
651 -4.29457712173462
652 -4.30708456039429
653 -4.31766653060913
654 -4.33089447021484
655 -4.3469090461731
656 -4.36616086959839
657 -4.38208389282227
658 -4.39910840988159
659 -4.42075681686401
660 -4.43829488754272
661 -4.44900274276733
662 -4.46642827987671
663 -4.47911214828491
664 -4.49135446548462
665 -4.51014232635498
666 -4.51859045028687
667 -4.52655172348022
668 -4.54447174072266
669 -4.55801486968994
670 -4.57387495040894
671 -4.58754730224609
672 -4.59766817092896
673 -4.61552000045776
674 -4.62835645675659
675 -4.64516687393188
676 -4.66532611846924
677 -4.68101692199707
678 -4.69498634338379
679 -4.71817350387573
680 -4.73120832443237
681 -4.73646020889282
682 -4.74390316009521
683 -4.76106739044189
684 -4.77076053619385
685 -4.78373289108276
686 -4.79845380783081
687 -4.81712102890015
688 -4.83688116073608
689 -4.84640502929688
690 -4.85857105255127
691 -4.87506246566772
692 -4.89447641372681
693 -4.91325235366821
694 -4.93844842910767
695 -4.96958255767822
696 -4.98214292526245
697 -4.99567794799805
698 -5.01358938217163
699 -5.03024005889893
700 -5.0456018447876
701 -5.05009460449219
702 -5.0550217628479
703 -5.06640672683716
704 -5.08706569671631
705 -5.11142015457153
706 -5.13332891464233
707 -5.15872812271118
708 -5.17770862579346
709 -5.19019556045532
710 -5.19897890090942
711 -5.21274900436401
712 -5.23320150375366
713 -5.25480651855469
714 -5.2785005569458
715 -5.28454542160034
716 -5.29240131378174
717 -5.3102240562439
718 -5.32536458969116
719 -5.33903646469116
720 -5.35473394393921
721 -5.37631559371948
722 -5.39919137954712
723 -5.41380834579468
724 -5.43394565582275
725 -5.45454931259155
726 -5.46896123886108
727 -5.49049854278564
728 -5.52528285980225
729 -5.54815244674683
730 -5.56574726104736
731 -5.58097314834595
732 -5.59448003768921
733 -5.60746479034424
734 -5.61657667160034
735 -5.63385152816772
736 -5.65142154693604
737 -5.66805791854858
738 -5.69144678115845
739 -5.71741628646851
740 -5.73071718215942
741 -5.74897527694702
742 -5.76706981658936
743 -5.78008699417114
744 -5.79872703552246
745 -5.80985116958618
746 -5.82313537597656
747 -5.84978246688843
748 -5.86006212234497
749 -5.86873006820679
750 -5.88650894165039
751 -5.90474081039429
752 -5.92285680770874
753 -5.93955850601196
754 -5.95762968063354
755 -5.97147560119629
756 -5.98914861679077
757 -6.00608777999878
758 -6.02401542663574
759 -6.04369688034058
760 -6.06627035140991
761 -6.08567571640015
762 -6.09661102294922
763 -6.10177278518677
764 -6.10883951187134
765 -6.12431049346924
766 -6.14036560058594
767 -6.15226888656616
768 -6.16786956787109
769 -6.18067455291748
770 -6.1999397277832
771 -6.21548700332642
772 -6.22910928726196
773 -6.2534384727478
774 -6.26687335968018
775 -6.28318929672241
776 -6.2927393913269
777 -6.3131365776062
778 -6.32344579696655
779 -6.3316798210144
780 -6.34057807922363
781 -6.35079193115234
782 -6.35538005828857
783 -6.36928939819336
784 -6.39068937301636
785 -6.41084766387939
786 -6.41644811630249
787 -6.42625141143799
788 -6.4417405128479
789 -6.46422910690308
790 -6.47015762329102
791 -6.47968435287476
792 -6.49172306060791
793 -6.50977563858032
794 -6.51837015151978
795 -6.5196681022644
796 -6.52357482910156
797 -6.53064584732056
798 -6.54494333267212
799 -6.55755472183228
800 -6.57946157455444
801 -6.59639501571655
802 -6.60583591461182
803 -6.61527395248413
804 -6.63182687759399
805 -6.64327764511108
806 -6.6559944152832
807 -6.66821432113647
808 -6.67773151397705
809 -6.68907499313354
810 -6.69968891143799
811 -6.71004962921143
812 -6.71446084976196
813 -6.71759033203125
814 -6.72359323501587
815 -6.73691892623901
816 -6.75675344467163
817 -6.77200031280518
818 -6.78091955184937
819 -6.79476547241211
820 -6.80597257614136
821 -6.81401920318604
822 -6.82487964630127
823 -6.83493566513062
824 -6.8470458984375
825 -6.85921192169189
826 -6.86861181259155
827 -6.87574005126953
828 -6.88374948501587
829 -6.89219999313354
830 -6.90712594985962
831 -6.92418622970581
832 -6.94271326065063
833 -6.96226978302002
834 -6.97485494613647
835 -6.98935413360596
836 -6.99645757675171
837 -7.00243711471558
838 -7.01462888717651
839 -7.03005695343018
840 -7.04589700698853
841 -7.05690145492554
842 -7.06803894042969
843 -7.08946847915649
844 -7.11377286911011
845 -7.12559604644775
846 -7.1379075050354
847 -7.1558952331543
848 -7.1688437461853
849 -7.18079853057861
850 -7.19218444824219
851 -7.20772552490234
852 -7.21530151367188
853 -7.22070646286011
854 -7.23080539703369
855 -7.24286222457886
856 -7.25829839706421
857 -7.2776346206665
858 -7.28455972671509
859 -7.29399490356445
860 -7.30837345123291
861 -7.31965780258179
862 -7.33300495147705
863 -7.34357213973999
864 -7.35728979110718
865 -7.37447357177734
866 -7.39907217025757
867 -7.41211414337158
868 -7.42476606369019
869 -7.43200635910034
870 -7.4504508972168
871 -7.46819162368774
872 -7.48351144790649
873 -7.50273370742798
874 -7.51979207992554
875 -7.52913427352905
876 -7.54620122909546
877 -7.56139230728149
878 -7.56883955001831
879 -7.58255910873413
880 -7.59478855133057
881 -7.61099576950073
882 -7.62676382064819
883 -7.63547468185425
884 -7.64405059814453
885 -7.66240406036377
886 -7.67116165161133
887 -7.67812824249268
888 -7.68747282028198
889 -7.70380258560181
890 -7.71196889877319
891 -7.71622037887573
892 -7.72825336456299
893 -7.74313831329346
894 -7.75585508346558
895 -7.77374219894409
896 -7.78009414672852
897 -7.79254150390625
898 -7.80025959014893
899 -7.81186676025391
900 -7.83037519454956
901 -7.84198760986328
902 -7.85447263717651
903 -7.86775207519531
904 -7.8735556602478
905 -7.88067197799683
906 -7.89464902877808
907 -7.9015679359436
908 -7.91123056411743
909 -7.9226188659668
910 -7.93481922149658
911 -7.95509672164917
912 -7.97026920318604
913 -7.98805236816406
914 -8.00689697265625
915 -8.01394939422607
916 -8.02639961242676
917 -8.04093360900879
918 -8.05339527130127
919 -8.06776714324951
920 -8.08028602600098
921 -8.09329891204834
922 -8.10765361785889
923 -8.13193798065186
924 -8.13973999023438
925 -8.14214420318604
926 -8.15464305877686
927 -8.17054271697998
928 -8.1898946762085
929 -8.19946098327637
930 -8.21743679046631
931 -8.22318649291992
932 -8.23086547851562
933 -8.24607849121094
934 -8.26575565338135
935 -8.27713203430176
936 -8.2892427444458
937 -8.30418586730957
938 -8.30987071990967
939 -8.31936073303223
940 -8.33570861816406
941 -8.35098266601562
942 -8.37142276763916
943 -8.39161014556885
944 -8.3998556137085
945 -8.40583324432373
946 -8.41871929168701
947 -8.43769359588623
948 -8.45008754730225
949 -8.46864223480225
950 -8.47872352600098
951 -8.48933029174805
952 -8.50112056732178
953 -8.51890087127686
954 -8.54035472869873
955 -8.56080150604248
956 -8.56900596618652
957 -8.57561016082764
958 -8.58632278442383
959 -8.60529041290283
960 -8.61278438568115
961 -8.61833953857422
962 -8.63021564483643
963 -8.6380786895752
964 -8.64556980133057
965 -8.65473937988281
966 -8.66051769256592
967 -8.66572570800781
968 -8.67691230773926
969 -8.68408489227295
970 -8.69575500488281
971 -8.71179389953613
972 -8.72708320617676
973 -8.74435710906982
974 -8.75149440765381
975 -8.75247478485107
976 -8.75633144378662
977 -8.77372455596924
978 -8.78715991973877
979 -8.79901790618896
980 -8.80680751800537
981 -8.81570053100586
982 -8.83114147186279
983 -8.84496212005615
984 -8.85299205780029
985 -8.86362648010254
986 -8.87609386444092
987 -8.88702487945557
988 -8.89321136474609
989 -8.90016841888428
990 -8.91808319091797
991 -8.92902851104736
992 -8.93787574768066
993 -8.95045757293701
994 -8.9713249206543
995 -8.980788230896
996 -8.98930835723877
997 -9.00219440460205
998 -9.01501274108887
999 -9.02342224121094
1000 -9.03483390808105
1001 -9.04271602630615
1002 -9.05263519287109
1003 -9.06502819061279
1004 -9.09515953063965
1005 -9.10995769500732
1006 -9.11893558502197
1007 -9.14156818389893
1008 -9.15116310119629
1009 -9.15675735473633
1010 -9.16813945770264
1011 -9.17795467376709
1012 -9.18657112121582
1013 -9.19690227508545
1014 -9.20810222625732
1015 -9.22292709350586
1016 -9.24152565002441
1017 -9.24636077880859
1018 -9.25171661376953
1019 -9.26287364959717
1020 -9.27480316162109
1021 -9.28631019592285
1022 -9.30614948272705
1023 -9.31695747375488
1024 -9.32391166687012
1025 -9.3424072265625
1026 -9.35624885559082
1027 -9.36285877227783
1028 -9.38482570648193
1029 -9.39748287200928
1030 -9.40746593475342
1031 -9.42146873474121
1032 -9.43295288085938
1033 -9.45368099212646
1034 -9.46401214599609
1035 -9.46927547454834
1036 -9.47939300537109
1037 -9.488112449646
1038 -9.49617958068848
1039 -9.50604915618896
1040 -9.51163768768311
1041 -9.52454376220703
1042 -9.5385684967041
1043 -9.551589012146
1044 -9.56370258331299
1045 -9.57913112640381
1046 -9.59470653533936
1047 -9.60803985595703
1048 -9.62280178070068
1049 -9.63319301605225
1050 -9.64526653289795
1051 -9.65112018585205
1052 -9.65745449066162
1053 -9.67105007171631
1054 -9.67851161956787
1055 -9.68829154968262
1056 -9.70133686065674
1057 -9.70822429656982
1058 -9.71642780303955
1059 -9.72254467010498
1060 -9.72931385040283
1061 -9.74800872802734
1062 -9.76745510101318
1063 -9.78447341918945
1064 -9.80767059326172
1065 -9.82299518585205
1066 -9.83618640899658
1067 -9.84900856018066
1068 -9.86361980438232
1069 -9.87493991851807
1070 -9.89124202728271
1071 -9.90382862091064
1072 -9.91033458709717
1073 -9.91739177703857
1074 -9.93631267547607
1075 -9.95058536529541
1076 -9.96174335479736
1077 -9.97235488891602
1078 -9.97957992553711
1079 -9.98799228668213
1080 -10.0040884017944
1081 -10.0244932174683
1082 -10.0364675521851
1083 -10.0499105453491
1084 -10.0638942718506
1085 -10.0776109695435
1086 -10.0876951217651
1087 -10.1031799316406
1088 -10.115683555603
1089 -10.1267490386963
1090 -10.1350297927856
1091 -10.1424989700317
1092 -10.15318775177
1093 -10.1654014587402
1094 -10.1786632537842
1095 -10.1878910064697
1096 -10.1968994140625
1097 -10.2051267623901
1098 -10.21360206604
1099 -10.2176885604858
1100 -10.2240037918091
1101 -10.2376089096069
1102 -10.2549247741699
1103 -10.2698621749878
1104 -10.2906665802002
1105 -10.3088998794556
1106 -10.3180322647095
1107 -10.3296298980713
1108 -10.3365755081177
1109 -10.3467712402344
1110 -10.3574113845825
1111 -10.3636226654053
1112 -10.3744173049927
1113 -10.3934907913208
1114 -10.4131765365601
1115 -10.423939704895
1116 -10.4416360855103
1117 -10.4519176483154
1118 -10.4614934921265
1119 -10.4712982177734
1120 -10.4853792190552
1121 -10.4975080490112
1122 -10.5129699707031
1123 -10.5240602493286
1124 -10.5379838943481
1125 -10.5455436706543
1126 -10.5521421432495
1127 -10.5630388259888
1128 -10.5735340118408
1129 -10.5834150314331
1130 -10.5900869369507
1131 -10.5987119674683
1132 -10.6082592010498
1133 -10.6288661956787
1134 -10.6439018249512
1135 -10.6621780395508
1136 -10.6726007461548
1137 -10.6868047714233
1138 -10.6992197036743
1139 -10.7083492279053
1140 -10.7145433425903
1141 -10.7239503860474
1142 -10.7324476242065
1143 -10.7444772720337
1144 -10.759913444519
1145 -10.7730875015259
1146 -10.7810335159302
1147 -10.794508934021
1148 -10.8085813522339
1149 -10.8166341781616
1150 -10.8255977630615
1151 -10.8317108154297
1152 -10.8496694564819
1153 -10.8553037643433
1154 -10.8624792098999
1155 -10.8682661056519
1156 -10.8763761520386
1157 -10.8835678100586
1158 -10.895468711853
1159 -10.9006032943726
1160 -10.9096021652222
1161 -10.9265260696411
1162 -10.9446392059326
1163 -10.9544744491577
1164 -10.9629697799683
1165 -10.9750385284424
1166 -10.9797315597534
1167 -10.9814291000366
1168 -10.9874439239502
1169 -10.9932098388672
1170 -10.9984788894653
1171 -11.005805015564
1172 -11.0241546630859
1173 -11.0318326950073
1174 -11.034049987793
1175 -11.0402870178223
1176 -11.0532474517822
1177 -11.0613842010498
1178 -11.0686979293823
1179 -11.0768852233887
1180 -11.0849552154541
1181 -11.0922012329102
1182 -11.1085653305054
1183 -11.1284627914429
1184 -11.1447401046753
1185 -11.1593551635742
1186 -11.1681241989136
1187 -11.1735897064209
1188 -11.1812753677368
1189 -11.1871557235718
1190 -11.2018728256226
1191 -11.2074508666992
1192 -11.21311378479
1193 -11.2284889221191
1194 -11.2325143814087
1195 -11.2362127304077
1196 -11.2467403411865
1197 -11.2558689117432
1198 -11.2632417678833
1199 -11.2788667678833
1200 -11.2905721664429
1201 -11.3104562759399
1202 -11.3246669769287
1203 -11.3441362380981
1204 -11.3551301956177
1205 -11.3704509735107
1206 -11.3920936584473
1207 -11.4042043685913
1208 -11.4176731109619
1209 -11.4378528594971
1210 -11.4486303329468
1211 -11.4559717178345
1212 -11.4686422348022
1213 -11.4751310348511
1214 -11.4883575439453
1215 -11.4979238510132
1216 -11.5082273483276
1217 -11.5150909423828
1218 -11.5295171737671
1219 -11.5446729660034
1220 -11.5538930892944
1221 -11.5664825439453
1222 -11.5809020996094
1223 -11.5887069702148
1224 -11.5929126739502
1225 -11.5997428894043
1226 -11.6111402511597
1227 -11.6223392486572
1228 -11.6328001022339
1229 -11.6461715698242
1230 -11.6560373306274
1231 -11.6616373062134
1232 -11.6771030426025
1233 -11.6887969970703
1234 -11.7016544342041
1235 -11.7128744125366
1236 -11.7210254669189
1237 -11.7289838790894
1238 -11.7367506027222
1239 -11.7465152740479
1240 -11.7536306381226
1241 -11.7601919174194
1242 -11.7764806747437
1243 -11.7853994369507
1244 -11.7984952926636
1245 -11.8080892562866
1246 -11.8228368759155
1247 -11.8375654220581
1248 -11.8466377258301
1249 -11.8642568588257
1250 -11.8762502670288
1251 -11.8814697265625
1252 -11.8871183395386
1253 -11.90012550354
1254 -11.911581993103
1255 -11.9184637069702
1256 -11.9286527633667
1257 -11.9402160644531
1258 -11.9538106918335
1259 -11.9590473175049
1260 -11.9630861282349
1261 -11.9751234054565
1262 -11.9850578308105
1263 -12.0014085769653
1264 -12.0141725540161
1265 -12.0287733078003
1266 -12.0476751327515
1267 -12.0606861114502
1268 -12.0731935501099
1269 -12.0865249633789
1270 -12.1014642715454
1271 -12.1160984039307
1272 -12.1294660568237
1273 -12.1469945907593
1274 -12.1590032577515
1275 -12.1700525283813
1276 -12.1813926696777
1277 -12.1921834945679
1278 -12.2020921707153
1279 -12.2175064086914
1280 -12.2351007461548
1281 -12.2464246749878
1282 -12.2565202713013
1283 -12.2786130905151
1284 -12.2917137145996
1285 -12.3069181442261
1286 -12.3138093948364
1287 -12.3249464035034
1288 -12.3487157821655
1289 -12.3593215942383
1290 -12.3712682723999
1291 -12.3843832015991
1292 -12.4003276824951
1293 -12.410680770874
1294 -12.4196166992188
1295 -12.4293222427368
1296 -12.436354637146
1297 -12.4438161849976
1298 -12.4518575668335
1299 -12.4642095565796
1300 -12.4746065139771
1301 -12.4807577133179
1302 -12.4886693954468
1303 -12.4974069595337
1304 -12.5043363571167
1305 -12.5222158432007
1306 -12.5327320098877
1307 -12.5405330657959
1308 -12.5521230697632
1309 -12.5681142807007
1310 -12.5789842605591
1311 -12.5896406173706
1312 -12.5999145507812
1313 -12.6126794815063
1314 -12.6277227401733
1315 -12.6356725692749
1316 -12.6430034637451
1317 -12.6612491607666
1318 -12.6783008575439
1319 -12.691309928894
1320 -12.6999607086182
1321 -12.7109527587891
1322 -12.7164764404297
1323 -12.7210292816162
1324 -12.732385635376
1325 -12.7445402145386
1326 -12.7528696060181
1327 -12.7646703720093
1328 -12.7791318893433
1329 -12.7884941101074
1330 -12.7964887619019
1331 -12.8045454025269
1332 -12.8122529983521
1333 -12.8263883590698
1334 -12.8372068405151
1335 -12.8452301025391
1336 -12.8527526855469
1337 -12.8622665405273
1338 -12.8705034255981
1339 -12.8794889450073
1340 -12.8936100006104
1341 -12.9088773727417
1342 -12.9162511825562
1343 -12.933123588562
1344 -12.9468450546265
1345 -12.9599180221558
1346 -12.9715299606323
1347 -12.9832830429077
1348 -12.9941101074219
1349 -13.0044050216675
1350 -13.0119905471802
1351 -13.0163793563843
1352 -13.0282564163208
1353 -13.0400381088257
1354 -13.0468444824219
1355 -13.0570249557495
1356 -13.0684299468994
1357 -13.0800342559814
1358 -13.091516494751
1359 -13.1015672683716
1360 -13.1086196899414
1361 -13.1177434921265
1362 -13.132513999939
1363 -13.1516408920288
1364 -13.1679916381836
1365 -13.1789884567261
1366 -13.1898441314697
1367 -13.1990146636963
1368 -13.205530166626
1369 -13.2131834030151
1370 -13.2218351364136
1371 -13.2357320785522
1372 -13.248291015625
1373 -13.2565069198608
1374 -13.2699680328369
1375 -13.2797002792358
1376 -13.2913122177124
1377 -13.3037691116333
1378 -13.3196430206299
1379 -13.3329544067383
1380 -13.3407440185547
1381 -13.3558778762817
1382 -13.3745193481445
1383 -13.383864402771
1384 -13.3909149169922
1385 -13.3976058959961
1386 -13.40500831604
1387 -13.4161939620972
1388 -13.4272966384888
1389 -13.4399538040161
1390 -13.4513492584229
1391 -13.4598512649536
1392 -13.4654130935669
1393 -13.4731416702271
1394 -13.4874029159546
1395 -13.4977998733521
1396 -13.5113849639893
1397 -13.520131111145
1398 -13.5333547592163
1399 -13.5538330078125
1400 -13.5617818832397
1401 -13.5706806182861
1402 -13.5861024856567
1403 -13.5923328399658
1404 -13.6017198562622
1405 -13.6086950302124
1406 -13.6160802841187
1407 -13.6316328048706
1408 -13.6472778320312
1409 -13.6568021774292
1410 -13.6653594970703
1411 -13.6712141036987
1412 -13.6792907714844
1413 -13.6874847412109
1414 -13.6943693161011
1415 -13.7012100219727
1416 -13.7068958282471
1417 -13.7117071151733
1418 -13.7210693359375
1419 -13.7323303222656
1420 -13.74045753479
1421 -13.7489624023438
1422 -13.7588777542114
1423 -13.7715196609497
1424 -13.7822179794312
1425 -13.7924528121948
1426 -13.8044328689575
1427 -13.8175354003906
1428 -13.82763671875
1429 -13.8373966217041
1430 -13.8511142730713
1431 -13.8652849197388
1432 -13.8777074813843
1433 -13.8841705322266
1434 -13.896201133728
1435 -13.9077939987183
1436 -13.9190826416016
1437 -13.9276647567749
1438 -13.9358491897583
1439 -13.9464263916016
1440 -13.9552783966064
1441 -13.9668493270874
1442 -13.9761476516724
1443 -13.9865970611572
1444 -13.9945478439331
1445 -14.0064315795898
1446 -14.016303062439
1447 -14.0243244171143
1448 -14.0356588363647
1449 -14.0479154586792
1450 -14.0564346313477
1451 -14.067834854126
1452 -14.0763921737671
1453 -14.0806169509888
1454 -14.090106010437
1455 -14.0983047485352
1456 -14.1108312606812
1457 -14.1268682479858
1458 -14.1404333114624
1459 -14.1497831344604
1460 -14.1568021774292
1461 -14.1677341461182
1462 -14.1857089996338
1463 -14.1956243515015
1464 -14.2020635604858
1465 -14.2098512649536
1466 -14.2268772125244
1467 -14.2433013916016
1468 -14.2520170211792
1469 -14.2601537704468
1470 -14.2681493759155
1471 -14.2745885848999
1472 -14.2797183990479
1473 -14.2853002548218
1474 -14.2917356491089
1475 -14.3021764755249
1476 -14.3124361038208
1477 -14.3175420761108
1478 -14.3232297897339
1479 -14.3325748443604
1480 -14.3397016525269
1481 -14.347128868103
1482 -14.3607988357544
1483 -14.3673391342163
1484 -14.3717193603516
1485 -14.3780536651611
1486 -14.3841037750244
1487 -14.3913717269897
1488 -14.3983793258667
1489 -14.4057312011719
1490 -14.4136199951172
1491 -14.4224462509155
1492 -14.4299745559692
1493 -14.4385633468628
1494 -14.4464235305786
1495 -14.4527273178101
1496 -14.4604520797729
1497 -14.4700117111206
1498 -14.4815740585327
1499 -14.491904258728
1500 -14.4990377426147
1501 -14.5099077224731
1502 -14.5195770263672
1503 -14.5331268310547
1504 -14.5419845581055
1505 -14.5503759384155
1506 -14.5659990310669
1507 -14.5767946243286
1508 -14.5873327255249
1509 -14.5992631912231
1510 -14.61106300354
1511 -14.6211700439453
1512 -14.6329793930054
1513 -14.6434326171875
1514 -14.6567325592041
1515 -14.6636877059937
1516 -14.6685991287231
1517 -14.6786594390869
1518 -14.6872043609619
1519 -14.700891494751
1520 -14.7120866775513
1521 -14.719708442688
1522 -14.7282743453979
1523 -14.7366704940796
1524 -14.743842124939
1525 -14.7492542266846
1526 -14.7579946517944
1527 -14.773627281189
1528 -14.7838010787964
1529 -14.7911558151245
1530 -14.7946367263794
1531 -14.7960376739502
1532 -14.7996082305908
1533 -14.8093109130859
1534 -14.8191595077515
1535 -14.8280439376831
1536 -14.8423948287964
1537 -14.8542709350586
1538 -14.8670988082886
1539 -14.8778095245361
1540 -14.8940372467041
1541 -14.9074783325195
1542 -14.9192838668823
1543 -14.9272832870483
1544 -14.933066368103
1545 -14.9393968582153
1546 -14.9442367553711
1547 -14.9521789550781
1548 -14.9641332626343
1549 -14.9736423492432
1550 -14.988600730896
1551 -15.002685546875
1552 -15.0093870162964
1553 -15.0163879394531
1554 -15.0205640792847
1555 -15.0328617095947
1556 -15.0469694137573
1557 -15.0561389923096
1558 -15.0608892440796
1559 -15.0663022994995
1560 -15.0729703903198
1561 -15.0826482772827
1562 -15.0934295654297
1563 -15.0985689163208
1564 -15.1050338745117
1565 -15.1082582473755
1566 -15.1138486862183
1567 -15.117805480957
1568 -15.1256685256958
1569 -15.1305055618286
1570 -15.1358737945557
1571 -15.1402387619019
1572 -15.1462316513062
1573 -15.1505193710327
1574 -15.1586456298828
1575 -15.1736497879028
1576 -15.1814422607422
1577 -15.1863708496094
1578 -15.1942052841187
1579 -15.2074041366577
1580 -15.2217502593994
1581 -15.2302389144897
1582 -15.2398633956909
1583 -15.2466421127319
1584 -15.2577466964722
1585 -15.2646360397339
1586 -15.2710447311401
1587 -15.2764806747437
1588 -15.2843084335327
1589 -15.292218208313
1590 -15.3005771636963
1591 -15.3087606430054
1592 -15.323073387146
1593 -15.330527305603
1594 -15.3351278305054
1595 -15.3404417037964
1596 -15.3479375839233
1597 -15.3576879501343
1598 -15.364860534668
1599 -15.3729400634766
1600 -15.3817977905273
1601 -15.3913145065308
1602 -15.3976488113403
1603 -15.4050359725952
1604 -15.4149627685547
1605 -15.4231872558594
1606 -15.4326219558716
1607 -15.4512052536011
1608 -15.4610214233398
1609 -15.4680395126343
1610 -15.4761829376221
1611 -15.4892044067383
1612 -15.5004367828369
1613 -15.5149993896484
1614 -15.5254030227661
1615 -15.5350179672241
1616 -15.5449113845825
1617 -15.5549192428589
1618 -15.5634603500366
1619 -15.572868347168
1620 -15.5819091796875
1621 -15.5937833786011
1622 -15.6069688796997
1623 -15.6145353317261
1624 -15.6262359619141
1625 -15.6365604400635
1626 -15.6462421417236
1627 -15.661883354187
1628 -15.6727237701416
1629 -15.6845979690552
1630 -15.699610710144
1631 -15.7106113433838
1632 -15.718939781189
1633 -15.7298917770386
1634 -15.7378282546997
1635 -15.7503910064697
1636 -15.7647676467896
1637 -15.7752599716187
1638 -15.784140586853
1639 -15.7906799316406
1640 -15.7933397293091
1641 -15.796124458313
1642 -15.8014526367188
1643 -15.8105688095093
1644 -15.8209600448608
1645 -15.8300085067749
1646 -15.8406057357788
1647 -15.8454694747925
1648 -15.8504581451416
1649 -15.8598403930664
1650 -15.867790222168
1651 -15.8725862503052
1652 -15.8810729980469
1653 -15.8873672485352
1654 -15.8981323242188
1655 -15.9055986404419
1656 -15.9151487350464
1657 -15.9243259429932
1658 -15.9310827255249
1659 -15.9388151168823
1660 -15.9524297714233
1661 -15.9609394073486
1662 -15.9704656600952
1663 -15.980429649353
1664 -15.9859714508057
1665 -15.9973621368408
1666 -16.0071048736572
1667 -16.0254192352295
1668 -16.0350456237793
1669 -16.044563293457
1670 -16.054479598999
1671 -16.0611820220947
1672 -16.0690040588379
1673 -16.0788478851318
1674 -16.0888214111328
1675 -16.0956058502197
1676 -16.098108291626
1677 -16.1015815734863
1678 -16.1055450439453
1679 -16.1140670776367
1680 -16.1248359680176
1681 -16.1316680908203
1682 -16.1376953125
1683 -16.1447639465332
1684 -16.1539192199707
1685 -16.1630306243896
1686 -16.1690864562988
1687 -16.1723690032959
1688 -16.1796722412109
1689 -16.1886196136475
1690 -16.1947536468506
1691 -16.2003364562988
1692 -16.2067775726318
1693 -16.2140522003174
1694 -16.2208461761475
1695 -16.2262229919434
1696 -16.2367687225342
1697 -16.2450313568115
1698 -16.252103805542
1699 -16.2617931365967
1700 -16.2720069885254
1701 -16.2867794036865
1702 -16.2998485565186
1703 -16.3142585754395
1704 -16.3253993988037
1705 -16.3328590393066
1706 -16.3424224853516
1707 -16.3512859344482
1708 -16.3593463897705
1709 -16.3683891296387
1710 -16.3759098052979
1711 -16.3810520172119
1712 -16.3843898773193
1713 -16.3886165618896
1714 -16.3939838409424
1715 -16.4035301208496
1716 -16.4110107421875
1717 -16.4157943725586
1718 -16.4208469390869
1719 -16.4274024963379
1720 -16.4391784667969
1721 -16.4505252838135
1722 -16.4642696380615
1723 -16.4703044891357
1724 -16.4761199951172
1725 -16.4865207672119
1726 -16.5012722015381
1727 -16.5158176422119
1728 -16.5211334228516
1729 -16.5286655426025
1730 -16.5391635894775
1731 -16.5525283813477
1732 -16.5659847259521
1733 -16.5722465515137
1734 -16.5822734832764
1735 -16.5968360900879
1736 -16.6064891815186
1737 -16.6165733337402
1738 -16.6236515045166
1739 -16.6290264129639
1740 -16.6355438232422
1741 -16.6475200653076
1742 -16.6573791503906
1743 -16.6640911102295
1744 -16.6711311340332
1745 -16.6762218475342
1746 -16.6803874969482
1747 -16.6853771209717
1748 -16.6928997039795
1749 -16.7016162872314
1750 -16.7114486694336
1751 -16.7192420959473
1752 -16.7247924804688
1753 -16.7302188873291
1754 -16.7384700775146
1755 -16.7480697631836
1756 -16.7533054351807
1757 -16.7572593688965
1758 -16.7619342803955
1759 -16.7667903900146
1760 -16.7710380554199
1761 -16.776668548584
1762 -16.7836952209473
1763 -16.7893924713135
1764 -16.7976703643799
1765 -16.8089141845703
1766 -16.8284721374512
1767 -16.8362865447998
1768 -16.8446865081787
1769 -16.8540935516357
1770 -16.8680324554443
1771 -16.8820667266846
1772 -16.892822265625
1773 -16.8999614715576
1774 -16.90846824646
1775 -16.9163417816162
1776 -16.9218349456787
1777 -16.9277172088623
1778 -16.9348888397217
1779 -16.94313621521
1780 -16.9490604400635
1781 -16.9517974853516
1782 -16.9549446105957
1783 -16.9616279602051
1784 -16.9706916809082
1785 -16.9784145355225
1786 -16.9849166870117
1787 -16.9885120391846
1788 -16.9917945861816
1789 -16.996862411499
1790 -17.0043601989746
1791 -17.0113048553467
1792 -17.0187587738037
1793 -17.0272102355957
1794 -17.0337238311768
1795 -17.0394229888916
1796 -17.047290802002
1797 -17.0575199127197
1798 -17.0655632019043
1799 -17.0753879547119
1800 -17.0850200653076
1801 -17.0947723388672
1802 -17.1050930023193
1803 -17.1077938079834
1804 -17.109302520752
1805 -17.1118755340576
1806 -17.1175975799561
1807 -17.1221446990967
1808 -17.1264705657959
1809 -17.1361217498779
1810 -17.1437721252441
1811 -17.1510143280029
1812 -17.1555118560791
1813 -17.1597499847412
1814 -17.1623783111572
1815 -17.165075302124
1816 -17.1673030853271
1817 -17.1697082519531
1818 -17.1751041412354
1819 -17.1863651275635
1820 -17.1925106048584
1821 -17.1983222961426
1822 -17.2057552337646
1823 -17.2125473022461
1824 -17.2199382781982
1825 -17.2250804901123
1826 -17.2375450134277
1827 -17.2628307342529
1828 -17.2708721160889
1829 -17.2800197601318
1830 -17.2871742248535
1831 -17.2959938049316
1832 -17.3062076568604
1833 -17.3143863677979
1834 -17.3167877197266
1835 -17.317964553833
1836 -17.322229385376
1837 -17.3252487182617
1838 -17.3306217193604
1839 -17.337064743042
1840 -17.3470344543457
1841 -17.3547496795654
1842 -17.3647747039795
1843 -17.3796291351318
1844 -17.3965091705322
1845 -17.4163875579834
1846 -17.4281158447266
1847 -17.4361400604248
1848 -17.4431114196777
1849 -17.4494972229004
1850 -17.4539947509766
1851 -17.4592876434326
1852 -17.4695491790771
1853 -17.4776515960693
1854 -17.4857139587402
1855 -17.4940738677979
1856 -17.5012302398682
1857 -17.5062408447266
1858 -17.5130462646484
1859 -17.5197334289551
1860 -17.5298709869385
1861 -17.5376949310303
1862 -17.5433940887451
1863 -17.5457668304443
1864 -17.5488719940186
1865 -17.5539741516113
1866 -17.5600910186768
1867 -17.5668392181396
1868 -17.5797367095947
1869 -17.594295501709
1870 -17.6015968322754
1871 -17.6055030822754
1872 -17.6120910644531
1873 -17.6202583312988
1874 -17.6344966888428
1875 -17.6417961120605
1876 -17.644474029541
1877 -17.6482830047607
1878 -17.6533184051514
1879 -17.6586818695068
1880 -17.664493560791
1881 -17.6728076934814
1882 -17.6772518157959
1883 -17.6836528778076
1884 -17.6931495666504
1885 -17.7017421722412
1886 -17.7167568206787
1887 -17.7240390777588
1888 -17.7326335906982
1889 -17.7374801635742
1890 -17.7396831512451
1891 -17.7466011047363
1892 -17.7555980682373
1893 -17.76513671875
1894 -17.7761840820312
1895 -17.7903995513916
1896 -17.7977046966553
1897 -17.8044242858887
1898 -17.8125762939453
1899 -17.8172149658203
1900 -17.8238105773926
1901 -17.8345890045166
1902 -17.8427791595459
1903 -17.849781036377
1904 -17.8594303131104
1905 -17.8695735931396
1906 -17.8756084442139
1907 -17.8791408538818
1908 -17.8839912414551
1909 -17.8891506195068
1910 -17.8960094451904
1911 -17.9029941558838
1912 -17.9141941070557
1913 -17.9318103790283
1914 -17.9422969818115
1915 -17.9496440887451
1916 -17.954345703125
1917 -17.9588375091553
1918 -17.9621734619141
1919 -17.9676876068115
1920 -17.9713306427002
1921 -17.9761867523193
1922 -17.9813480377197
1923 -17.984899520874
1924 -17.9910049438477
1925 -17.9992065429688
1926 -17.9989013671875
1927 -17.9995269775391
1928 -18.0082530975342
1929 -18.0133609771729
1930 -18.0273723602295
1931 -18.0366973876953
1932 -18.047607421875
1933 -18.0554332733154
1934 -18.0661468505859
1935 -18.0747966766357
1936 -18.0795402526855
1937 -18.0903224945068
1938 -18.0976600646973
1939 -18.1096782684326
1940 -18.1172313690186
1941 -18.1262817382812
1942 -18.1311531066895
1943 -18.1425457000732
1944 -18.1507568359375
1945 -18.1548976898193
1946 -18.1616725921631
1947 -18.1662654876709
1948 -18.1692638397217
1949 -18.1738338470459
1950 -18.1797161102295
1951 -18.1849803924561
1952 -18.1883316040039
1953 -18.1943874359131
1954 -18.2001953125
1955 -18.203332901001
1956 -18.2044811248779
1957 -18.2071056365967
1958 -18.2116069793701
1959 -18.2208461761475
1960 -18.2286205291748
1961 -18.2335243225098
1962 -18.2410755157471
1963 -18.2534980773926
1964 -18.2596015930176
1965 -18.2658748626709
1966 -18.2733039855957
1967 -18.27734375
1968 -18.2829132080078
1969 -18.2885341644287
1970 -18.2961826324463
1971 -18.306661605835
1972 -18.3133277893066
1973 -18.3249034881592
1974 -18.3334484100342
1975 -18.3406982421875
1976 -18.3464374542236
1977 -18.3514232635498
1978 -18.3596935272217
1979 -18.3677978515625
1980 -18.3716716766357
1981 -18.3799591064453
1982 -18.3820552825928
1983 -18.384973526001
1984 -18.3920631408691
1985 -18.4010448455811
1986 -18.408971786499
1987 -18.4137096405029
1988 -18.4170551300049
1989 -18.4187927246094
1990 -18.4198017120361
1991 -18.4224681854248
1992 -18.425220489502
1993 -18.428689956665
1994 -18.4335918426514
1995 -18.4421291351318
1996 -18.4520816802979
1997 -18.4557285308838
1998 -18.4586486816406
1999 -18.4603900909424
