1 1.62146890163422
2 0.272439330816269
3 0.320754736661911
4 0.382024765014648
5 0.489913076162338
6 0.543182492256165
7 0.525095462799072
8 0.678227066993713
9 0.75095272064209
10 0.710078775882721
11 0.876524925231934
12 0.849044263362885
13 1.00690376758575
14 0.922015845775604
15 0.931580066680908
16 0.829923570156097
17 0.904253125190735
18 0.853218078613281
19 0.822406709194183
20 0.868176102638245
21 0.947419166564941
22 1.07266747951508
23 1.19915390014648
24 1.27325332164764
25 1.28698527812958
26 1.47256970405579
27 1.61189389228821
28 1.57927489280701
29 1.5328311920166
30 1.52492582798004
31 1.55812799930573
32 1.62339913845062
33 1.54100251197815
34 1.47348833084106
35 1.40084171295166
36 1.33663761615753
37 1.2019454240799
38 1.10584354400635
39 1.04893827438354
40 0.969625115394592
41 0.870266735553741
42 0.787347495555878
43 0.751522958278656
44 0.67770779132843
45 0.616310179233551
46 0.539219558238983
47 0.472810089588165
48 0.429870218038559
49 0.37600913643837
50 0.358441174030304
51 0.320781379938126
52 0.288757294416428
53 0.26352122426033
54 0.238082885742188
55 0.210210591554642
56 0.203935667872429
57 0.195932731032372
58 0.181241139769554
59 0.1730687469244
60 0.16030889749527
61 0.148988395929337
62 0.143059477210045
63 0.149449810385704
64 0.137562140822411
65 0.129261061549187
66 0.124462857842445
67 0.124948881566525
68 0.126200467348099
69 0.114472053945065
70 0.12117026001215
71 0.100268617272377
72 0.094218485057354
73 0.0968756452202797
74 0.0921638682484627
75 0.0889369323849678
76 0.0791355818510056
77 0.0822080597281456
78 0.0739861652255058
79 0.0823898315429688
80 0.0764109492301941
81 0.0679962858557701
82 0.0669465065002441
83 0.0719692334532738
84 0.0645616799592972
85 0.0760078430175781
86 0.0767300054430962
87 0.0771061778068542
88 0.0662496909499168
89 0.0602575317025185
90 0.0685205459594727
91 0.0789339169859886
92 0.0718711540102959
93 0.0605318062007427
94 0.0727697536349297
95 0.0726287290453911
96 0.0520770065486431
97 0.0765072479844093
98 0.0669113025069237
99 0.0806428417563438
100 0.0666372328996658
101 0.0825017020106316
102 0.0658178254961967
103 0.0700506493449211
104 0.0782428979873657
105 0.077351950109005
106 0.0663740038871765
107 0.0736145749688148
108 0.0798532888293266
109 0.084444522857666
110 0.0790668874979019
111 0.0761409774422646
112 0.079138807952404
113 0.100661396980286
114 0.100573517382145
115 0.0841650292277336
116 0.0982571020722389
117 0.0909355133771896
118 0.0971863865852356
119 0.118092097342014
120 0.108158610761166
121 0.112427107989788
122 0.124815247952938
123 0.115185976028442
124 0.103370241820812
125 0.10520513355732
126 0.112605266273022
127 0.112164251506329
128 0.113585405051708
129 0.0910081714391708
130 0.122178509831429
131 0.118236780166626
132 0.106704883277416
133 0.128403455018997
134 0.0901479795575142
135 0.136898517608643
136 0.115971826016903
137 0.112755917012691
138 0.104286722838879
139 0.121984794735909
140 0.101069919764996
141 0.103996589779854
142 0.118339709937572
143 0.140658065676689
144 0.0973610952496529
145 0.136147528886795
146 0.145840689539909
147 0.114112667739391
148 0.123762108385563
149 0.122909568250179
150 0.14217834174633
151 0.11236709356308
152 0.145513877272606
153 0.124345280230045
154 0.135062783956528
155 0.138477191329002
156 0.148592889308929
157 0.136138617992401
158 0.123637318611145
159 0.120603635907173
160 0.167351111769676
161 0.170979365706444
162 0.115095935761929
163 0.143214449286461
164 0.140279740095139
165 0.169146403670311
166 0.155437961220741
167 0.130977690219879
168 0.137685626745224
169 0.174740388989449
170 0.158465266227722
171 0.151753917336464
172 0.13521321117878
173 0.143020540475845
174 0.159123167395592
175 0.13891227543354
176 0.158593863248825
177 0.190409317612648
178 0.184854969382286
179 0.179217830300331
180 0.173730194568634
181 0.163475155830383
182 0.180924907326698
183 0.166316911578178
184 0.158034190535545
185 0.163397297263145
186 0.144281387329102
187 0.195074468851089
188 0.174644276499748
189 0.178311914205551
190 0.154051527380943
191 0.150669381022453
192 0.174796268343925
193 0.189843103289604
194 0.215001627802849
195 0.167867600917816
196 0.174093261361122
197 0.190725609660149
198 0.199211671948433
199 0.188969805836678
200 0.17375984787941
201 0.191926896572113
202 0.18187016248703
203 0.179961487650871
204 0.192738577723503
205 0.172632202506065
206 0.173197001218796
207 0.202870771288872
208 0.185750097036362
209 0.204253479838371
210 0.176118910312653
211 0.195947453379631
212 0.202376946806908
213 0.1734858751297
214 0.212649866938591
215 0.172642812132835
216 0.191624239087105
217 0.181082800030708
218 0.205565080046654
219 0.223010301589966
220 0.217526957392693
221 0.178449735045433
222 0.215937301516533
223 0.189985483884811
224 0.193703874945641
225 0.240667730569839
226 0.218087866902351
227 0.20860743522644
228 0.178266003727913
229 0.196068406105042
230 0.19766740500927
231 0.221585229039192
232 0.18903112411499
233 0.209828332066536
234 0.176315307617188
235 0.19683949649334
236 0.199052169919014
237 0.219843104481697
238 0.20462392270565
239 0.24347510933876
240 0.21736977994442
241 0.20838363468647
242 0.22832877933979
243 0.214299112558365
244 0.202476307749748
245 0.248394712805748
246 0.244086369872093
247 0.228759407997131
248 0.189680486917496
249 0.217999771237373
250 0.244422987103462
251 0.219267323613167
252 0.275101363658905
253 0.219949007034302
254 0.265927225351334
255 0.22573883831501
256 0.222734615206718
257 0.282661885023117
258 0.220585584640503
259 0.194955319166183
260 0.245227098464966
261 0.254919767379761
262 0.209605559706688
263 0.255460828542709
264 0.25945109128952
265 0.238925144076347
266 0.218847468495369
267 0.250423520803452
268 0.241197109222412
269 0.237616047263145
270 0.252417773008347
271 0.239029094576836
272 0.272068232297897
273 0.264614075422287
274 0.235761642456055
275 0.306076616048813
276 0.240351960062981
277 0.266969114542007
278 0.242064878344536
279 0.233549758791924
280 0.262242943048477
281 0.251474857330322
282 0.269274532794952
283 0.239937141537666
284 0.28246545791626
285 0.272886246442795
286 0.239402562379837
287 0.321549981832504
288 0.231405094265938
289 0.27060267329216
290 0.272976517677307
291 0.255601495504379
292 0.301396787166595
293 0.322977662086487
294 0.306762725114822
295 0.286670416593552
296 0.297778755426407
297 0.329509317874908
298 0.299207031726837
299 0.308364123106003
300 0.312274068593979
301 0.294664829969406
302 0.32209712266922
303 0.314849227666855
304 0.321819752454758
305 0.322015136480331
306 0.309564590454102
307 0.298986166715622
308 0.349915593862534
309 0.32804012298584
310 0.335004687309265
311 0.34610652923584
312 0.391180515289307
313 0.361301988363266
314 0.369455367326736
315 0.320434987545013
316 0.348931044340134
317 0.322698593139648
318 0.342151314020157
319 0.395742297172546
320 0.347725689411163
321 0.385944038629532
322 0.347571194171906
323 0.405865639448166
324 0.388130336999893
325 0.359085708856583
326 0.398681849241257
327 0.412971407175064
328 0.401826918125153
329 0.398204386234283
330 0.391542583703995
331 0.377484709024429
332 0.397256791591644
333 0.396224170923233
334 0.339727401733398
335 0.422148048877716
336 0.399217188358307
337 0.436710923910141
338 0.411217778921127
339 0.430251032114029
340 0.447463124990463
341 0.439861506223679
342 0.442448347806931
343 0.433087587356567
344 0.432582199573517
345 0.464650064706802
346 0.391413480043411
347 0.457645237445831
348 0.410773813724518
349 0.390126824378967
350 0.435734331607819
351 0.474203258752823
352 0.431130230426788
353 0.45294126868248
354 0.462805837392807
355 0.471239775419235
356 0.496249198913574
357 0.450425535440445
358 0.477433174848557
359 0.513611793518066
360 0.449574947357178
361 0.484334528446198
362 0.445687115192413
363 0.469093888998032
364 0.453982800245285
365 0.426265090703964
366 0.426592916250229
367 0.486458510160446
368 0.441464483737946
369 0.456894397735596
370 0.466052860021591
371 0.467510044574738
372 0.472806364297867
373 0.431626528501511
374 0.496468931436539
375 0.445136845111847
376 0.461645185947418
377 0.44339594244957
378 0.465343862771988
379 0.488868236541748
380 0.482816785573959
381 0.533095479011536
382 0.512538194656372
383 0.466861099004745
384 0.497984498739243
385 0.448413521051407
386 0.517733156681061
387 0.485797882080078
388 0.500914812088013
389 0.530749142169952
390 0.46324148774147
391 0.493687063455582
392 0.489294826984406
393 0.547423243522644
394 0.4589484333992
395 0.507714450359344
396 0.517114102840424
397 0.477428734302521
398 0.488683789968491
399 0.520648300647736
400 0.481730550527573
401 0.524971067905426
402 0.524397373199463
403 0.500985503196716
404 0.493182748556137
405 0.448206335306168
406 0.510220289230347
407 0.532947897911072
408 0.516061961650848
409 0.543863236904144
410 0.546761035919189
411 0.473803579807281
412 0.512901246547699
413 0.528423964977264
414 0.502025604248047
415 0.532719552516937
416 0.498200953006744
417 0.478998094797134
418 0.503731608390808
419 0.506269693374634
420 0.498262703418732
421 0.531775116920471
422 0.538772583007812
423 0.515562832355499
424 0.512104511260986
425 0.501928746700287
426 0.505371510982513
427 0.54162460565567
428 0.512866675853729
429 0.478579819202423
430 0.569086492061615
431 0.464888900518417
432 0.553428113460541
433 0.543671846389771
434 0.50931304693222
435 0.56718522310257
436 0.547672271728516
437 0.527502954006195
438 0.515535354614258
439 0.5220667719841
440 0.530309796333313
441 0.555468320846558
442 0.527516782283783
443 0.510751664638519
444 0.504752576351166
445 0.541112840175629
446 0.485332399606705
447 0.500708043575287
448 0.486329853534698
449 0.50654011964798
450 0.511358976364136
451 0.536884784698486
452 0.484745115041733
453 0.531385838985443
454 0.552090883255005
455 0.502866923809052
456 0.512688338756561
457 0.567119002342224
458 0.538942337036133
459 0.528424143791199
460 0.474657118320465
461 0.499967664480209
462 0.500370502471924
463 0.53936779499054
464 0.470675766468048
465 0.489988058805466
466 0.450397491455078
467 0.469214409589767
468 0.55417662858963
469 0.456446558237076
470 0.495687574148178
471 0.491698741912842
472 0.49699279665947
473 0.517159402370453
474 0.526187598705292
475 0.551053166389465
476 0.526315331459045
477 0.4979228079319
478 0.511262357234955
479 0.489437162876129
480 0.550081193447113
481 0.523750483989716
482 0.503835141658783
483 0.50233393907547
484 0.500957489013672
485 0.510821044445038
486 0.498321920633316
487 0.510272085666656
488 0.526489198207855
489 0.511082589626312
490 0.487544298171997
491 0.493042528629303
492 0.496048450469971
493 0.509623527526855
494 0.513193130493164
495 0.49320450425148
496 0.518307626247406
497 0.493409246206284
498 0.508547008037567
499 0.525161623954773
500 0.544229924678802
501 0.489404439926147
502 0.49928617477417
503 0.552512347698212
504 0.514289975166321
505 0.514834463596344
506 0.521853268146515
507 0.539324104785919
508 0.487004578113556
509 0.510646879673004
510 0.525669753551483
511 0.507817268371582
512 0.483296781778336
513 0.497690111398697
514 0.464486688375473
515 0.501957535743713
516 0.515172183513641
517 0.491531133651733
518 0.504184424877167
519 0.444825261831284
520 0.495706647634506
521 0.451177835464478
522 0.485351651906967
523 0.475680261850357
524 0.543255269527435
525 0.498784840106964
526 0.500751554965973
527 0.497761934995651
528 0.464861482381821
529 0.47909140586853
530 0.511298656463623
531 0.480876117944717
532 0.489689350128174
533 0.475217670202255
534 0.519109547138214
535 0.460477560758591
536 0.473845303058624
537 0.473633974790573
538 0.464782774448395
539 0.468059748411179
540 0.462520658969879
541 0.446610450744629
542 0.515575706958771
543 0.475990861654282
544 0.470560640096664
545 0.46437406539917
546 0.423268795013428
547 0.429922431707382
548 0.477392107248306
549 0.47007942199707
550 0.447764366865158
551 0.415874481201172
552 0.480383694171906
553 0.422576725482941
554 0.43668007850647
555 0.454056113958359
556 0.474551498889923
557 0.509493887424469
558 0.445630878210068
559 0.425698757171631
560 0.445077627897263
561 0.427793890237808
562 0.435689926147461
563 0.412389576435089
564 0.474119037389755
565 0.415245622396469
566 0.434756964445114
567 0.438060015439987
568 0.476073414087296
569 0.423654168844223
570 0.464202880859375
571 0.41521367430687
572 0.445881456136703
573 0.411502331495285
574 0.430548876523972
575 0.461240977048874
576 0.433216869831085
577 0.482990652322769
578 0.381924033164978
579 0.418044239282608
580 0.397614687681198
581 0.454285353422165
582 0.432630062103271
583 0.445036888122559
584 0.413650900125504
585 0.407768249511719
586 0.413560539484024
587 0.412272989749908
588 0.411114513874054
589 0.397243440151215
590 0.409974724054337
591 0.427579790353775
592 0.436104118824005
593 0.391004025936127
594 0.407233327627182
595 0.402692764997482
596 0.401853859424591
597 0.341228306293488
598 0.397188633680344
599 0.380982488393784
600 0.365166515111923
601 0.377669304609299
602 0.395423322916031
603 0.386591643095016
604 0.363572210073471
605 0.408333986997604
606 0.347775191068649
607 0.390839666128159
608 0.352383762598038
609 0.372269213199615
610 0.373448699712753
611 0.359969109296799
612 0.393225818872452
613 0.384624719619751
614 0.377507656812668
615 0.403011053800583
616 0.368298053741455
617 0.319639503955841
618 0.355815500020981
619 0.364971488714218
620 0.383453518152237
621 0.34074279665947
622 0.332976996898651
623 0.34847828745842
624 0.378110617399216
625 0.382205992937088
626 0.357704490423203
627 0.382857769727707
628 0.330864906311035
629 0.355166018009186
630 0.356147646903992
631 0.318116724491119
632 0.32090026140213
633 0.313344895839691
634 0.329173147678375
635 0.335484653711319
636 0.324271470308304
637 0.329678595066071
638 0.312919050455093
639 0.321525037288666
640 0.313154548406601
641 0.31254169344902
642 0.325376957654953
643 0.310746371746063
644 0.347717851400375
645 0.308656275272369
646 0.298791080713272
647 0.325761765241623
648 0.327238500118256
649 0.296636760234833
650 0.322567522525787
651 0.313368290662766
652 0.287033051252365
653 0.301105231046677
654 0.31690701842308
655 0.335144490003586
656 0.325364321470261
657 0.314990252256393
658 0.289033651351929
659 0.282739222049713
660 0.286728918552399
661 0.293248802423477
662 0.273468315601349
663 0.268742859363556
664 0.297783732414246
665 0.289519935846329
666 0.266589313745499
667 0.34000426530838
668 0.270404160022736
669 0.297461241483688
670 0.322773188352585
671 0.275819391012192
672 0.271428883075714
673 0.254484087228775
674 0.280033141374588
675 0.289008915424347
676 0.270208925008774
677 0.266792148351669
678 0.269521564245224
679 0.285286486148834
680 0.272050678730011
681 0.287936419248581
682 0.267140656709671
683 0.269903689622879
684 0.263060092926025
685 0.273811906576157
686 0.305654764175415
687 0.286793887615204
688 0.244894772768021
689 0.273494154214859
690 0.285341769456863
691 0.291584342718124
692 0.267213612794876
693 0.306669384241104
694 0.312979519367218
695 0.27772256731987
696 0.298559099435806
697 0.277197271585464
698 0.284610599279404
699 0.254724234342575
700 0.259155243635178
701 0.235690742731094
702 0.251753658056259
703 0.281447023153305
704 0.25706747174263
705 0.287318468093872
706 0.257960796356201
707 0.286590993404388
708 0.287921339273453
709 0.276328653097153
710 0.280320733785629
711 0.256377995014191
712 0.294983208179474
713 0.269058078527451
714 0.276357799768448
715 0.283997118473053
716 0.291406542062759
717 0.274716973304749
718 0.277949661016464
719 0.269208341836929
720 0.263921767473221
721 0.314940512180328
722 0.289231598377228
723 0.267675638198853
724 0.275150775909424
725 0.251032173633575
726 0.245643362402916
727 0.271231114864349
728 0.295987665653229
729 0.266368120908737
730 0.31338706612587
731 0.264852106571198
732 0.273616880178452
733 0.237065389752388
734 0.267173528671265
735 0.256341278553009
736 0.259538590908051
737 0.244147345423698
738 0.269643068313599
739 0.288369745016098
740 0.235898777842522
741 0.276958167552948
742 0.296386390924454
743 0.275008141994476
744 0.319195955991745
745 0.264940649271011
746 0.289438784122467
747 0.266586780548096
748 0.25506916642189
749 0.260147660970688
750 0.270615339279175
751 0.291099488735199
752 0.268450647592545
753 0.284470498561859
754 0.276562690734863
755 0.29667729139328
756 0.2961545586586
757 0.26952451467514
758 0.270810604095459
759 0.265701293945312
760 0.265458941459656
761 0.292424827814102
762 0.26545986533165
763 0.273717373609543
764 0.292850196361542
765 0.26031082868576
766 0.283511251211166
767 0.297108978033066
768 0.266878515481949
769 0.248791605234146
770 0.271034151315689
771 0.259548276662827
772 0.243290767073631
773 0.27656552195549
774 0.254158467054367
775 0.292147636413574
776 0.291014820337296
777 0.264886856079102
778 0.284451693296432
779 0.273874253034592
780 0.291086405515671
781 0.246257215738297
782 0.287092447280884
783 0.267327636480331
784 0.248587891459465
785 0.274314135313034
786 0.251219809055328
787 0.258736968040466
788 0.291767835617065
789 0.281063884496689
790 0.277738064527512
791 0.252280324697495
792 0.285505056381226
793 0.249609753489494
794 0.280091285705566
795 0.255737751722336
796 0.288722604513168
797 0.284092664718628
798 0.264073371887207
799 0.271940946578979
800 0.267169684171677
801 0.247713848948479
802 0.290703624486923
803 0.297305911779404
804 0.313563168048859
805 0.283153980970383
806 0.271981537342072
807 0.271501034498215
808 0.273567408323288
809 0.314929634332657
810 0.293763220310211
811 0.281347543001175
812 0.276654064655304
813 0.260351419448853
814 0.273242294788361
815 0.28422150015831
816 0.288784176111221
817 0.256225526332855
818 0.263735294342041
819 0.288382858037949
820 0.283269017934799
821 0.319540649652481
822 0.297799348831177
823 0.269864469766617
824 0.27032271027565
825 0.310358077287674
826 0.253240764141083
827 0.271529525518417
828 0.319033831357956
829 0.333931177854538
830 0.311200052499771
831 0.264508545398712
832 0.319456905126572
833 0.294084846973419
834 0.307471483945847
835 0.31578928232193
836 0.292428463697433
837 0.295833796262741
838 0.316060990095139
839 0.297928869724274
840 0.317865043878555
841 0.265769243240356
842 0.271076589822769
843 0.264922231435776
844 0.324261426925659
845 0.312382131814957
846 0.275712490081787
847 0.316917717456818
848 0.345169007778168
849 0.298100471496582
850 0.317992717027664
851 0.286327719688416
852 0.285555750131607
853 0.325362414121628
854 0.317160278558731
855 0.339039444923401
856 0.328219622373581
857 0.282895535230637
858 0.32940673828125
859 0.302925884723663
860 0.27585443854332
861 0.344871908426285
862 0.312793672084808
863 0.32079553604126
864 0.309928148984909
865 0.279493898153305
866 0.351160854101181
867 0.338802337646484
868 0.348820894956589
869 0.357186853885651
870 0.309951156377792
871 0.324169814586639
872 0.349005907773972
873 0.314901500940323
874 0.319146364927292
875 0.309803366661072
876 0.311681479215622
877 0.347927361726761
878 0.329829722642899
879 0.327515214681625
880 0.312856763601303
881 0.3338463306427
882 0.352391541004181
883 0.283363461494446
884 0.295800179243088
885 0.315415561199188
886 0.33589893579483
887 0.349230855703354
888 0.31400391459465
889 0.30527400970459
890 0.338493764400482
891 0.308619290590286
892 0.334236353635788
893 0.331378906965256
894 0.340025871992111
895 0.313081085681915
896 0.290798753499985
897 0.310805231332779
898 0.330662101507187
899 0.324647635221481
900 0.319916784763336
901 0.336279720067978
902 0.359258860349655
903 0.336866468191147
904 0.342677384614944
905 0.342415183782578
906 0.335402816534042
907 0.317488580942154
908 0.315842479467392
909 0.304469913244247
910 0.318288177251816
911 0.345600128173828
912 0.324410259723663
913 0.357593148946762
914 0.351368725299835
915 0.358956068754196
916 0.34162512421608
917 0.319063395261765
918 0.349159806966782
919 0.334515810012817
920 0.348469495773315
921 0.33386442065239
922 0.308939516544342
923 0.32918056845665
924 0.355620354413986
925 0.366989463567734
926 0.348041832447052
927 0.325542747974396
928 0.306134909391403
929 0.35670405626297
930 0.352582693099976
931 0.341290146112442
932 0.352480441331863
933 0.373567909002304
934 0.324379920959473
935 0.350218296051025
936 0.354496985673904
937 0.365661978721619
938 0.381836324930191
939 0.377865731716156
940 0.35871085524559
941 0.347764551639557
942 0.353104442358017
943 0.348043978214264
944 0.375081837177277
945 0.365410327911377
946 0.407909631729126
947 0.34055158495903
948 0.358206748962402
949 0.346838116645813
950 0.392217874526978
951 0.389490574598312
952 0.363542079925537
953 0.348526805639267
954 0.352781414985657
955 0.373076111078262
956 0.400672435760498
957 0.350949972867966
958 0.358471065759659
959 0.382631927728653
960 0.383975625038147
961 0.436670154333115
962 0.409337192773819
963 0.394632577896118
964 0.368033319711685
965 0.405448824167252
966 0.411954313516617
967 0.390048176050186
968 0.388552665710449
969 0.372295022010803
970 0.388940453529358
971 0.403530031442642
972 0.418377131223679
973 0.416231065988541
974 0.388958513736725
975 0.384652584791183
976 0.425624847412109
977 0.407658249139786
978 0.402527719736099
979 0.412442982196808
980 0.402394682168961
981 0.400022238492966
982 0.417290598154068
983 0.412540405988693
984 0.391162484884262
985 0.440565675497055
986 0.415963470935822
987 0.38553723692894
988 0.412156671285629
989 0.410543829202652
990 0.459869474172592
991 0.412022918462753
992 0.425736099481583
993 0.437741428613663
994 0.413983821868896
995 0.430473655462265
996 0.411849975585938
997 0.438670068979263
998 0.464648813009262
999 0.44978329539299
1000 0.455712229013443
1001 0.422786712646484
1002 0.420040607452393
1003 0.448278874158859
1004 0.413884699344635
1005 0.399106234312057
1006 0.464495271444321
1007 0.443144470453262
1008 0.460388392210007
1009 0.455934822559357
1010 0.419632256031036
1011 0.428875684738159
1012 0.435310572385788
1013 0.44078254699707
1014 0.440643399953842
1015 0.432657212018967
1016 0.427395164966583
1017 0.423861980438232
1018 0.432429403066635
1019 0.422297298908234
1020 0.422873347997665
1021 0.470540821552277
1022 0.410382568836212
1023 0.473797619342804
1024 0.463909924030304
1025 0.450419336557388
1026 0.478822529315948
1027 0.465104550123215
1028 0.482622921466827
1029 0.473036020994186
1030 0.456289768218994
1031 0.498366743326187
1032 0.485685437917709
1033 0.474410742521286
1034 0.456149160861969
1035 0.477781981229782
1036 0.441779851913452
1037 0.440732568502426
1038 0.456938236951828
1039 0.479648560285568
1040 0.479254066944122
1041 0.433938354253769
1042 0.472523540258408
1043 0.483372062444687
1044 0.472207367420197
1045 0.452478885650635
1046 0.477520078420639
1047 0.477342128753662
1048 0.451888084411621
1049 0.455650240182877
1050 0.477388352155685
1051 0.47691223025322
1052 0.486708164215088
1053 0.50201952457428
1054 0.513818085193634
1055 0.487471491098404
1056 0.48669621348381
1057 0.490103721618652
1058 0.503369152545929
1059 0.519900023937225
1060 0.481451004743576
1061 0.488804429769516
1062 0.500425279140472
1063 0.533733606338501
1064 0.534182369709015
1065 0.501191258430481
1066 0.539108633995056
1067 0.492994070053101
1068 0.469506114721298
1069 0.481443136930466
1070 0.484317362308502
1071 0.506611347198486
1072 0.502654552459717
1073 0.506396889686584
1074 0.467833817005157
1075 0.503561794757843
1076 0.515101134777069
1077 0.486254990100861
1078 0.493782728910446
1079 0.484178155660629
1080 0.537551641464233
1081 0.510333478450775
1082 0.499464809894562
1083 0.538018822669983
1084 0.499732732772827
1085 0.540127098560333
1086 0.504386901855469
1087 0.498808145523071
1088 0.532668054103851
1089 0.513086497783661
1090 0.506601214408875
1091 0.543148696422577
1092 0.521542131900787
1093 0.516780078411102
1094 0.524935901165009
1095 0.560690939426422
1096 0.542146623134613
1097 0.52499783039093
1098 0.512904345989227
1099 0.52820360660553
1100 0.528883874416351
1101 0.516045689582825
1102 0.548273205757141
1103 0.529378890991211
1104 0.521154522895813
1105 0.535292088985443
1106 0.536982417106628
1107 0.537185490131378
1108 0.520029604434967
1109 0.521324455738068
1110 0.538662075996399
1111 0.516752064228058
1112 0.512549519538879
1113 0.538801372051239
1114 0.505299806594849
1115 0.553041160106659
1116 0.534767746925354
1117 0.54659366607666
1118 0.583656907081604
1119 0.555936455726624
1120 0.561602294445038
1121 0.543411254882812
1122 0.543014287948608
1123 0.564890682697296
1124 0.57349693775177
1125 0.520065903663635
1126 0.543964862823486
1127 0.562481880187988
1128 0.574446201324463
1129 0.555123925209045
1130 0.550794303417206
1131 0.51170802116394
1132 0.548435866832733
1133 0.538839340209961
1134 0.58948165178299
1135 0.553993880748749
1136 0.54170286655426
1137 0.565279424190521
1138 0.537285149097443
1139 0.524025142192841
1140 0.525361299514771
1141 0.547956943511963
1142 0.58838415145874
1143 0.535514950752258
1144 0.554504334926605
1145 0.539994657039642
1146 0.561088681221008
1147 0.561517357826233
1148 0.558761477470398
1149 0.604271531105042
1150 0.563592851161957
1151 0.572814643383026
1152 0.577249944210052
1153 0.55464106798172
1154 0.563015401363373
1155 0.591775715351105
1156 0.571064114570618
1157 0.573794424533844
1158 0.550912797451019
1159 0.593117892742157
1160 0.553213953971863
1161 0.587224662303925
1162 0.573743581771851
1163 0.549363911151886
1164 0.574129700660706
1165 0.565560758113861
1166 0.578057050704956
1167 0.60645204782486
1168 0.574803829193115
1169 0.588194668292999
1170 0.572539925575256
1171 0.557583272457123
1172 0.571280181407928
1173 0.559990227222443
1174 0.598878085613251
1175 0.566685378551483
1176 0.556097447872162
1177 0.573021709918976
1178 0.572053730487823
1179 0.572530567646027
1180 0.533097743988037
1181 0.572690308094025
1182 0.598973035812378
1183 0.583582639694214
1184 0.562232136726379
1185 0.581102669239044
1186 0.613576292991638
1187 0.557545602321625
1188 0.556038677692413
1189 0.550199687480927
1190 0.566886603832245
1191 0.549025177955627
1192 0.562932729721069
1193 0.549194276332855
1194 0.569732666015625
1195 0.578254282474518
1196 0.577072620391846
1197 0.569370210170746
1198 0.596492767333984
1199 0.553024888038635
1200 0.56611430644989
1201 0.580100834369659
1202 0.562007904052734
1203 0.546110033988953
1204 0.548050820827484
1205 0.602645814418793
1206 0.588885247707367
1207 0.570683717727661
1208 0.576894223690033
1209 0.593584477901459
1210 0.606228768825531
1211 0.597979605197906
1212 0.594827115535736
1213 0.589934766292572
1214 0.59675657749176
1215 0.588682174682617
1216 0.593063473701477
1217 0.596306920051575
1218 0.598357677459717
1219 0.599672257900238
1220 0.581094145774841
1221 0.56415981054306
1222 0.629961967468262
1223 0.625642418861389
1224 0.590619683265686
1225 0.586439192295074
1226 0.592592179775238
1227 0.61804074048996
1228 0.595431685447693
1229 0.588447332382202
1230 0.6020747423172
1231 0.594400227069855
1232 0.603317260742188
1233 0.621468007564545
1234 0.609196245670319
1235 0.585693657398224
1236 0.578819930553436
1237 0.567111134529114
1238 0.589165091514587
1239 0.570289134979248
1240 0.591936767101288
1241 0.590218424797058
1242 0.583328664302826
1243 0.589678466320038
1244 0.596439898014069
1245 0.602298498153687
1246 0.582345366477966
1247 0.606513023376465
1248 0.593155682086945
1249 0.603316485881805
1250 0.575665414333344
1251 0.619888007640839
1252 0.615297973155975
1253 0.588351726531982
1254 0.638791501522064
1255 0.609533309936523
1256 0.618906021118164
1257 0.597387313842773
1258 0.601668834686279
1259 0.589012563228607
1260 0.589471340179443
1261 0.611068367958069
1262 0.621976315975189
1263 0.629003465175629
1264 0.623545110225677
1265 0.610048592090607
1266 0.639022469520569
1267 0.622730016708374
1268 0.639716267585754
1269 0.629669010639191
1270 0.655531823635101
1271 0.639571607112885
1272 0.606831073760986
1273 0.639066159725189
1274 0.61965936422348
1275 0.635362505912781
1276 0.622423470020294
1277 0.645684719085693
1278 0.642431437969208
1279 0.630239427089691
1280 0.651131331920624
1281 0.644747078418732
1282 0.658420383930206
1283 0.659330189228058
1284 0.64852112531662
1285 0.650557994842529
1286 0.611653804779053
1287 0.628132045269012
1288 0.631119847297668
1289 0.633900582790375
1290 0.643599092960358
1291 0.643556237220764
1292 0.666237771511078
1293 0.641291797161102
1294 0.631017744541168
1295 0.658458352088928
1296 0.634268581867218
1297 0.678179144859314
1298 0.629390835762024
1299 0.631142795085907
1300 0.60673713684082
1301 0.629092991352081
1302 0.636195957660675
1303 0.642716705799103
1304 0.647565066814423
1305 0.648428857326508
1306 0.635943114757538
1307 0.650621056556702
1308 0.654145240783691
1309 0.658805072307587
1310 0.635222196578979
1311 0.661564826965332
1312 0.635762214660645
1313 0.63026088476181
1314 0.653001487255096
1315 0.621257305145264
1316 0.660643219947815
1317 0.634303569793701
1318 0.619246244430542
1319 0.619731605052948
1320 0.629325568675995
1321 0.653867423534393
1322 0.638448059558868
1323 0.639188885688782
1324 0.647602736949921
1325 0.665151298046112
1326 0.646165668964386
1327 0.637859463691711
1328 0.651491582393646
1329 0.637649714946747
1330 0.680787801742554
1331 0.648337066173553
1332 0.64519852399826
1333 0.658079445362091
1334 0.665021419525146
1335 0.65920752286911
1336 0.672323167324066
1337 0.661387324333191
1338 0.669007897377014
1339 0.673300921916962
1340 0.67708945274353
1341 0.656120955944061
1342 0.62426233291626
1343 0.65066796541214
1344 0.615926384925842
1345 0.651292979717255
1346 0.623672485351562
1347 0.643361032009125
1348 0.659057915210724
1349 0.626170337200165
1350 0.631759345531464
1351 0.656434953212738
1352 0.672516584396362
1353 0.637852191925049
1354 0.642998218536377
1355 0.667646706104279
1356 0.632226884365082
1357 0.66211599111557
1358 0.65410304069519
1359 0.646224737167358
1360 0.680329918861389
1361 0.650503754615784
1362 0.669319748878479
1363 0.637339293956757
1364 0.634648144245148
1365 0.637805759906769
1366 0.663117825984955
1367 0.66724568605423
1368 0.674377381801605
1369 0.668666064739227
1370 0.661985874176025
1371 0.648487508296967
1372 0.65882271528244
1373 0.641324579715729
1374 0.643307328224182
1375 0.652875483036041
1376 0.635261476039886
1377 0.650038838386536
1378 0.659984230995178
1379 0.640762865543365
1380 0.665948271751404
1381 0.646347939968109
1382 0.653112530708313
1383 0.623640716075897
1384 0.635590970516205
1385 0.654929637908936
1386 0.635574162006378
1387 0.650893151760101
1388 0.656616985797882
1389 0.666359722614288
1390 0.644092500209808
1391 0.661539494991302
1392 0.648519515991211
1393 0.63552725315094
1394 0.633369207382202
1395 0.662569165229797
1396 0.657334506511688
1397 0.648741066455841
1398 0.64862334728241
1399 0.641879856586456
1400 0.649589478969574
1401 0.633360505104065
1402 0.642376840114594
1403 0.641413033008575
1404 0.622050940990448
1405 0.631588935852051
1406 0.630886435508728
1407 0.652795433998108
1408 0.634234249591827
1409 0.637805163860321
1410 0.645082116127014
1411 0.61932498216629
1412 0.616025388240814
1413 0.645710229873657
1414 0.604609668254852
1415 0.62505179643631
1416 0.614216983318329
1417 0.640712916851044
1418 0.609849154949188
1419 0.629587233066559
1420 0.643143713474274
1421 0.614942848682404
1422 0.645018458366394
1423 0.60720282793045
1424 0.61720198392868
1425 0.610564291477203
1426 0.629418313503265
1427 0.604070961475372
1428 0.606019854545593
1429 0.605028986930847
1430 0.603023648262024
1431 0.619530320167542
1432 0.594006478786469
1433 0.599656105041504
1434 0.619573354721069
1435 0.626381695270538
1436 0.598410308361053
1437 0.618712425231934
1438 0.640338063240051
1439 0.620732009410858
1440 0.619639039039612
1441 0.628700315952301
1442 0.615543186664581
1443 0.603352844715118
1444 0.621471524238586
1445 0.636192142963409
1446 0.620887458324432
1447 0.607398867607117
1448 0.628618955612183
1449 0.61270010471344
1450 0.622458517551422
1451 0.616637885570526
1452 0.626937925815582
1453 0.632982432842255
1454 0.617562294006348
1455 0.637304782867432
1456 0.613846242427826
1457 0.629326045513153
1458 0.635667502880096
1459 0.621893286705017
1460 0.628618597984314
1461 0.6292884349823
1462 0.626262128353119
1463 0.609976649284363
1464 0.613237380981445
1465 0.658614337444305
1466 0.620078265666962
1467 0.621030211448669
1468 0.617563962936401
1469 0.622850000858307
1470 0.634856522083282
1471 0.604835867881775
1472 0.631832301616669
1473 0.604338645935059
1474 0.626432597637177
1475 0.624033451080322
1476 0.614386975765228
1477 0.642212569713593
1478 0.606851994991302
1479 0.635036408901215
1480 0.633453667163849
1481 0.617518842220306
1482 0.630454182624817
1483 0.61049622297287
1484 0.620256423950195
1485 0.619581520557404
1486 0.610315024852753
1487 0.625678539276123
1488 0.618815064430237
1489 0.618468463420868
1490 0.602285027503967
1491 0.590713798999786
1492 0.605728089809418
1493 0.595658481121063
1494 0.619020640850067
1495 0.600124716758728
1496 0.604638695716858
1497 0.615892231464386
1498 0.61296159029007
1499 0.598538398742676
1500 0.609675109386444
1501 0.641424357891083
1502 0.584182441234589
1503 0.617704689502716
1504 0.619792103767395
1505 0.603196322917938
1506 0.62338662147522
1507 0.610783398151398
1508 0.633210301399231
1509 0.60225909948349
1510 0.620162725448608
1511 0.620104253292084
1512 0.613711535930634
1513 0.609834671020508
1514 0.620243489742279
1515 0.620025634765625
1516 0.606139004230499
1517 0.627997636795044
1518 0.616090595722198
1519 0.608076333999634
1520 0.626002788543701
1521 0.620676696300507
1522 0.621970415115356
1523 0.605846047401428
1524 0.608151435852051
1525 0.627115905284882
1526 0.618641793727875
1527 0.629404187202454
1528 0.60333377122879
1529 0.612713873386383
1530 0.610540628433228
1531 0.607472538948059
1532 0.60658472776413
1533 0.577338993549347
1534 0.618689358234406
1535 0.603069722652435
1536 0.600216507911682
1537 0.593698978424072
1538 0.6212238073349
1539 0.601921737194061
1540 0.603562295436859
1541 0.59715747833252
1542 0.602221488952637
1543 0.608617961406708
1544 0.589879035949707
1545 0.59540319442749
1546 0.602329194545746
1547 0.599821031093597
1548 0.575316488742828
1549 0.59255850315094
1550 0.598662495613098
1551 0.609680831432343
1552 0.601717174053192
1553 0.571584820747375
1554 0.612728595733643
1555 0.588969886302948
1556 0.599507331848145
1557 0.595166504383087
1558 0.605374872684479
1559 0.588624596595764
1560 0.580855190753937
1561 0.58400022983551
1562 0.578404486179352
1563 0.557464361190796
1564 0.593996942043304
1565 0.580425143241882
1566 0.591574966907501
1567 0.59660929441452
1568 0.578491628170013
1569 0.571525156497955
1570 0.551230370998383
1571 0.566100239753723
1572 0.570325314998627
1573 0.577608644962311
1574 0.571968972682953
1575 0.56471711397171
1576 0.568575739860535
1577 0.588897347450256
1578 0.583610355854034
1579 0.588986575603485
1580 0.56958132982254
1581 0.583347022533417
1582 0.560863554477692
1583 0.584942281246185
1584 0.576842367649078
1585 0.583187699317932
1586 0.560422778129578
1587 0.571694850921631
1588 0.574071228504181
1589 0.584322869777679
1590 0.581188380718231
1591 0.572149813175201
1592 0.584188640117645
1593 0.591963529586792
1594 0.571669638156891
1595 0.573448240756989
1596 0.575836181640625
1597 0.58032214641571
1598 0.581293761730194
1599 0.577684581279755
1600 0.578795909881592
1601 0.571628093719482
1602 0.571766018867493
1603 0.586018681526184
1604 0.566654145717621
1605 0.581918656826019
1606 0.578062355518341
1607 0.567032754421234
1608 0.578910112380981
1609 0.574858546257019
1610 0.569740653038025
1611 0.578046441078186
1612 0.571353852748871
1613 0.576434254646301
1614 0.57608026266098
1615 0.556006371974945
1616 0.57859867811203
1617 0.560222268104553
1618 0.567998349666595
1619 0.564685165882111
1620 0.561156392097473
1621 0.565845787525177
1622 0.578580796718597
1623 0.547845184803009
1624 0.577784419059753
1625 0.569822013378143
1626 0.572625577449799
1627 0.564592361450195
1628 0.562811970710754
1629 0.558003008365631
1630 0.558453917503357
1631 0.562866985797882
1632 0.557125329971313
1633 0.559588253498077
1634 0.561737060546875
1635 0.552725732326508
1636 0.554878354072571
1637 0.563870012760162
1638 0.552820861339569
1639 0.572339057922363
1640 0.575320184230804
1641 0.576694190502167
1642 0.546224534511566
1643 0.567549228668213
1644 0.553556621074677
1645 0.567647337913513
1646 0.534039318561554
1647 0.55908727645874
1648 0.551271736621857
1649 0.547466576099396
1650 0.532780766487122
1651 0.552680909633636
1652 0.570177972316742
1653 0.559702575206757
1654 0.555018723011017
1655 0.543375134468079
1656 0.559648215770721
1657 0.554983079433441
1658 0.52281379699707
1659 0.543799638748169
1660 0.548334538936615
1661 0.547582805156708
1662 0.546606600284576
1663 0.539608538150787
1664 0.550437390804291
1665 0.521405637264252
1666 0.55252993106842
1667 0.527671456336975
1668 0.549751400947571
1669 0.539808690547943
1670 0.524726986885071
1671 0.544062852859497
1672 0.551810085773468
1673 0.52810800075531
1674 0.522299706935883
1675 0.514314413070679
1676 0.538651347160339
1677 0.522933661937714
1678 0.519627511501312
1679 0.518851220607758
1680 0.537895262241364
1681 0.534238755702972
1682 0.528176248073578
1683 0.539748013019562
1684 0.529045104980469
1685 0.519774854183197
1686 0.537473678588867
1687 0.533378720283508
1688 0.539940655231476
1689 0.5365931391716
1690 0.531249940395355
1691 0.514773547649384
1692 0.525416314601898
1693 0.542120277881622
1694 0.530420660972595
1695 0.511309802532196
1696 0.518263757228851
1697 0.530497670173645
1698 0.512082040309906
1699 0.531495571136475
1700 0.526861131191254
1701 0.527332901954651
1702 0.540102005004883
1703 0.521469295024872
1704 0.523236393928528
1705 0.512991547584534
1706 0.514819860458374
1707 0.5186767578125
1708 0.524750947952271
1709 0.510499179363251
1710 0.514912068843842
1711 0.501872003078461
1712 0.518001079559326
1713 0.504493892192841
1714 0.50578635931015
1715 0.516632199287415
1716 0.511442482471466
1717 0.519952118396759
1718 0.520482122898102
1719 0.523690819740295
1720 0.50993949174881
1721 0.499287575483322
1722 0.492359966039658
1723 0.486513048410416
1724 0.496133625507355
1725 0.493358671665192
1726 0.506579577922821
1727 0.510351538658142
1728 0.494644939899445
1729 0.507146060466766
1730 0.489905655384064
1731 0.516625940799713
1732 0.495652675628662
1733 0.516993999481201
1734 0.504074692726135
1735 0.500755071640015
1736 0.493705421686172
1737 0.499317556619644
1738 0.506075203418732
1739 0.49107900261879
1740 0.490282028913498
1741 0.498866319656372
1742 0.484697252511978
1743 0.497348785400391
1744 0.504239976406097
1745 0.477060526609421
1746 0.496754616498947
1747 0.477582931518555
1748 0.498467296361923
1749 0.486677378416061
1750 0.489419668912888
1751 0.479390770196915
1752 0.495554834604263
1753 0.49300342798233
1754 0.462055206298828
1755 0.496559530496597
1756 0.485618203878403
1757 0.489267110824585
1758 0.48777762055397
1759 0.501397132873535
1760 0.490635216236115
1761 0.480894654989243
1762 0.486923426389694
1763 0.495404809713364
1764 0.506893277168274
1765 0.459915459156036
1766 0.501013875007629
1767 0.492605119943619
1768 0.480798780918121
1769 0.481271356344223
1770 0.487593740224838
1771 0.490906685590744
1772 0.4726203083992
1773 0.481329739093781
1774 0.482652962207794
1775 0.479957342147827
1776 0.481774419546127
1777 0.47136053442955
1778 0.47902899980545
1779 0.466325134038925
1780 0.464455842971802
1781 0.465047568082809
1782 0.471193224191666
1783 0.476086229085922
1784 0.458455950021744
1785 0.461418718099594
1786 0.449696272611618
1787 0.464044183492661
1788 0.462724894285202
1789 0.451626777648926
1790 0.466485261917114
1791 0.457631915807724
1792 0.467473804950714
1793 0.469371050596237
1794 0.467020988464355
1795 0.460761785507202
1796 0.45156455039978
1797 0.467156141996384
1798 0.45183140039444
1799 0.458133697509766
1800 0.455542892217636
1801 0.463390499353409
1802 0.471117943525314
1803 0.445796698331833
1804 0.450727045536041
1805 0.461890667676926
1806 0.438837140798569
1807 0.460271507501602
1808 0.456590473651886
1809 0.458695322275162
1810 0.449500411748886
1811 0.474463194608688
1812 0.462796688079834
1813 0.464662700891495
1814 0.456174045801163
1815 0.469679206609726
1816 0.44993582367897
1817 0.447649210691452
1818 0.444255352020264
1819 0.448819637298584
1820 0.44574436545372
1821 0.457101881504059
1822 0.443306267261505
1823 0.441963016986847
1824 0.433066755533218
1825 0.438259184360504
1826 0.448263555765152
1827 0.449027836322784
1828 0.447211980819702
1829 0.443672180175781
1830 0.460174322128296
1831 0.45241990685463
1832 0.452972412109375
1833 0.445498138666153
1834 0.452646553516388
1835 0.468111664056778
1836 0.445417404174805
1837 0.444322496652603
1838 0.456819355487823
1839 0.44398233294487
1840 0.436793714761734
1841 0.443165928125381
1842 0.438612669706345
1843 0.449923187494278
1844 0.440624386072159
1845 0.445274919271469
1846 0.434587389230728
1847 0.44957834482193
1848 0.437900364398956
1849 0.446035772562027
1850 0.43403896689415
1851 0.421998649835587
1852 0.424049377441406
1853 0.426542818546295
1854 0.422123193740845
1855 0.434997469186783
1856 0.437373846769333
1857 0.409434229135513
1858 0.440268903970718
1859 0.427158087491989
1860 0.435516804456711
1861 0.431703716516495
1862 0.427268028259277
1863 0.419389396905899
1864 0.416800498962402
1865 0.418589502573013
1866 0.420840591192245
1867 0.417022794485092
1868 0.416727989912033
1869 0.429628193378448
1870 0.41974288225174
1871 0.417516618967056
1872 0.416318625211716
1873 0.413477569818497
1874 0.401147454977036
1875 0.416027933359146
1876 0.41038390994072
1877 0.422866076231003
1878 0.411561012268066
1879 0.424587726593018
1880 0.420134633779526
1881 0.414524704217911
1882 0.405216991901398
1883 0.414387136697769
1884 0.440912693738937
1885 0.405525982379913
1886 0.42367497086525
1887 0.421681851148605
1888 0.408408463001251
1889 0.412956446409225
1890 0.401475191116333
1891 0.411115378141403
1892 0.409330606460571
1893 0.402863740921021
1894 0.412865936756134
1895 0.411276787519455
1896 0.411122888326645
1897 0.403850167989731
1898 0.412894934415817
1899 0.394890755414963
1900 0.389271229505539
1901 0.405203253030777
1902 0.381590098142624
1903 0.398140579462051
1904 0.388911694288254
1905 0.386228233575821
1906 0.390332520008087
1907 0.391294568777084
1908 0.398475021123886
1909 0.389398843050003
1910 0.406724184751511
1911 0.378100782632828
1912 0.404440879821777
1913 0.396037071943283
1914 0.396125823259354
1915 0.411815166473389
1916 0.394364446401596
1917 0.401276916265488
1918 0.399000346660614
1919 0.399401396512985
1920 0.395525932312012
1921 0.39799365401268
1922 0.400250643491745
1923 0.388333171606064
1924 0.403495401144028
1925 0.389309614896774
1926 0.397826671600342
1927 0.398319810628891
1928 0.383233308792114
1929 0.395141780376434
1930 0.390304386615753
1931 0.387603491544724
1932 0.390438437461853
1933 0.369653761386871
1934 0.371303230524063
1935 0.365610927343369
1936 0.381490558385849
1937 0.358205437660217
1938 0.37241467833519
1939 0.373396128416061
1940 0.35860750079155
1941 0.373032420873642
1942 0.360640376806259
1943 0.376955598592758
1944 0.36693462729454
1945 0.368116110563278
1946 0.371620744466782
1947 0.393772929906845
1948 0.389162749052048
1949 0.362989395856857
1950 0.384998381137848
1951 0.369597643613815
1952 0.381972074508667
1953 0.37597930431366
1954 0.3693807721138
1955 0.378736317157745
1956 0.362686455249786
1957 0.373795360326767
1958 0.368470102548599
1959 0.370597928762436
1960 0.373970597982407
1961 0.376062721014023
1962 0.378449767827988
1963 0.352164298295975
1964 0.361558616161346
1965 0.371220022439957
1966 0.358375638723373
1967 0.35709410905838
1968 0.353631466627121
1969 0.369943857192993
1970 0.363144248723984
1971 0.373690128326416
1972 0.355000704526901
1973 0.347548872232437
1974 0.36521977186203
1975 0.347707480192184
1976 0.359347194433212
1977 0.349147737026215
1978 0.356629997491837
1979 0.371384650468826
1980 0.361085414886475
1981 0.367762893438339
1982 0.344477862119675
1983 0.361766159534454
1984 0.358178466558456
1985 0.359694749116898
1986 0.362363368272781
1987 0.366910874843597
1988 0.389094889163971
1989 0.378710806369781
1990 0.387837558984756
1991 0.376073837280273
1992 0.380764901638031
1993 0.378206938505173
1994 0.37597331404686
1995 0.389807432889938
1996 0.378213971853256
1997 0.371884286403656
1998 0.364382714033127
1999 0.36287459731102
