0 1.62146890163422
98304 0.272439330816269
196608 0.320754736661911
294912 0.382024765014648
393216 0.489913076162338
491520 0.543182492256165
589824 0.525095462799072
688128 0.678227066993713
786432 0.75095272064209
884736 0.710078775882721
983040 0.876524925231934
1081344 0.849044263362885
1179648 1.00690376758575
1277952 0.922015845775604
1376256 0.931580066680908
1474560 0.829923570156097
1572864 0.904253125190735
1671168 0.853218078613281
1769472 0.822406709194183
1867776 0.868176102638245
1966080 0.947419166564941
2064384 1.07266747951508
2162688 1.19915390014648
2260992 1.27325332164764
2359296 1.28698527812958
2457600 1.47256970405579
2555904 1.61189389228821
2654208 1.57927489280701
2752512 1.5328311920166
2850816 1.52492582798004
2949120 1.55812799930573
3047424 1.62339913845062
3145728 1.54100251197815
3244032 1.47348833084106
3342336 1.40084171295166
3440640 1.33663761615753
3538944 1.2019454240799
3637248 1.10584354400635
3735552 1.04893827438354
3833856 0.969625115394592
3932160 0.870266735553741
4030464 0.787347495555878
4128768 0.751522958278656
4227072 0.67770779132843
4325376 0.616310179233551
4423680 0.539219558238983
4521984 0.472810089588165
4620288 0.429870218038559
4718592 0.37600913643837
4816896 0.358441174030304
4915200 0.320781379938126
5013504 0.288757294416428
5111808 0.26352122426033
5210112 0.238082885742188
5308416 0.210210591554642
5406720 0.203935667872429
5505024 0.195932731032372
5603328 0.181241139769554
5701632 0.1730687469244
5799936 0.16030889749527
5898240 0.148988395929337
5996544 0.143059477210045
6094848 0.149449810385704
6193152 0.137562140822411
6291456 0.129261061549187
6389760 0.124462857842445
6488064 0.124948881566525
6586368 0.126200467348099
6684672 0.114472053945065
6782976 0.12117026001215
6881280 0.100268617272377
6979584 0.094218485057354
7077888 0.0968756452202797
7176192 0.0921638682484627
7274496 0.0889369323849678
7372800 0.0791355818510056
7471104 0.0822080597281456
7569408 0.0739861652255058
7667712 0.0823898315429688
7766016 0.0764109492301941
7864320 0.0679962858557701
7962624 0.0669465065002441
8060928 0.0719692334532738
8159232 0.0645616799592972
8257536 0.0760078430175781
8355840 0.0767300054430962
8454144 0.0771061778068542
8552448 0.0662496909499168
8650752 0.0602575317025185
8749056 0.0685205459594727
8847360 0.0789339169859886
8945664 0.0718711540102959
9043968 0.0605318062007427
9142272 0.0727697536349297
9240576 0.0726287290453911
9338880 0.0520770065486431
9437184 0.0765072479844093
9535488 0.0669113025069237
9633792 0.0806428417563438
9732096 0.0666372328996658
9830400 0.0825017020106316
9928704 0.0658178254961967
10027008 0.0700506493449211
10125312 0.0782428979873657
10223616 0.077351950109005
10321920 0.0663740038871765
10420224 0.0736145749688148
10518528 0.0798532888293266
10616832 0.084444522857666
10715136 0.0790668874979019
10813440 0.0761409774422646
10911744 0.079138807952404
11010048 0.100661396980286
11108352 0.100573517382145
11206656 0.0841650292277336
11304960 0.0982571020722389
11403264 0.0909355133771896
11501568 0.0971863865852356
11599872 0.118092097342014
11698176 0.108158610761166
11796480 0.112427107989788
11894784 0.124815247952938
11993088 0.115185976028442
12091392 0.103370241820812
12189696 0.10520513355732
12288000 0.112605266273022
12386304 0.112164251506329
12484608 0.113585405051708
12582912 0.0910081714391708
12681216 0.122178509831429
12779520 0.118236780166626
12877824 0.106704883277416
12976128 0.128403455018997
13074432 0.0901479795575142
13172736 0.136898517608643
13271040 0.115971826016903
13369344 0.112755917012691
13467648 0.104286722838879
13565952 0.121984794735909
13664256 0.101069919764996
13762560 0.103996589779854
13860864 0.118339709937572
13959168 0.140658065676689
14057472 0.0973610952496529
14155776 0.136147528886795
14254080 0.145840689539909
14352384 0.114112667739391
14450688 0.123762108385563
14548992 0.122909568250179
14647296 0.14217834174633
14745600 0.11236709356308
14843904 0.145513877272606
14942208 0.124345280230045
15040512 0.135062783956528
15138816 0.138477191329002
15237120 0.148592889308929
15335424 0.136138617992401
15433728 0.123637318611145
15532032 0.120603635907173
15630336 0.167351111769676
15728640 0.170979365706444
15826944 0.115095935761929
15925248 0.143214449286461
16023552 0.140279740095139
16121856 0.169146403670311
16220160 0.155437961220741
16318464 0.130977690219879
16416768 0.137685626745224
16515072 0.174740388989449
16613376 0.158465266227722
16711680 0.151753917336464
16809984 0.13521321117878
16908288 0.143020540475845
17006592 0.159123167395592
17104896 0.13891227543354
17203200 0.158593863248825
17301504 0.190409317612648
17399808 0.184854969382286
17498112 0.179217830300331
17596416 0.173730194568634
17694720 0.163475155830383
17793024 0.180924907326698
17891328 0.166316911578178
17989632 0.158034190535545
18087936 0.163397297263145
18186240 0.144281387329102
18284544 0.195074468851089
18382848 0.174644276499748
18481152 0.178311914205551
18579456 0.154051527380943
18677760 0.150669381022453
18776064 0.174796268343925
18874368 0.189843103289604
18972672 0.215001627802849
19070976 0.167867600917816
19169280 0.174093261361122
19267584 0.190725609660149
19365888 0.199211671948433
19464192 0.188969805836678
19562496 0.17375984787941
19660800 0.191926896572113
19759104 0.18187016248703
19857408 0.179961487650871
19955712 0.192738577723503
20054016 0.172632202506065
20152320 0.173197001218796
20250624 0.202870771288872
20348928 0.185750097036362
20447232 0.204253479838371
20545536 0.176118910312653
20643840 0.195947453379631
20742144 0.202376946806908
20840448 0.1734858751297
20938752 0.212649866938591
21037056 0.172642812132835
21135360 0.191624239087105
21233664 0.181082800030708
21331968 0.205565080046654
21430272 0.223010301589966
21528576 0.217526957392693
21626880 0.178449735045433
21725184 0.215937301516533
21823488 0.189985483884811
21921792 0.193703874945641
22020096 0.240667730569839
22118400 0.218087866902351
22216704 0.20860743522644
22315008 0.178266003727913
22413312 0.196068406105042
22511616 0.19766740500927
22609920 0.221585229039192
22708224 0.18903112411499
22806528 0.209828332066536
22904832 0.176315307617188
23003136 0.19683949649334
23101440 0.199052169919014
23199744 0.219843104481697
23298048 0.20462392270565
23396352 0.24347510933876
23494656 0.21736977994442
23592960 0.20838363468647
23691264 0.22832877933979
23789568 0.214299112558365
23887872 0.202476307749748
23986176 0.248394712805748
24084480 0.244086369872093
24182784 0.228759407997131
24281088 0.189680486917496
24379392 0.217999771237373
24477696 0.244422987103462
24576000 0.219267323613167
24674304 0.275101363658905
24772608 0.219949007034302
24870912 0.265927225351334
24969216 0.22573883831501
25067520 0.222734615206718
25165824 0.282661885023117
25264128 0.220585584640503
25362432 0.194955319166183
25460736 0.245227098464966
25559040 0.254919767379761
25657344 0.209605559706688
25755648 0.255460828542709
25853952 0.25945109128952
25952256 0.238925144076347
26050560 0.218847468495369
26148864 0.250423520803452
26247168 0.241197109222412
26345472 0.237616047263145
26443776 0.252417773008347
26542080 0.239029094576836
26640384 0.272068232297897
26738688 0.264614075422287
26836992 0.235761642456055
26935296 0.306076616048813
27033600 0.240351960062981
27131904 0.266969114542007
27230208 0.242064878344536
27328512 0.233549758791924
27426816 0.262242943048477
27525120 0.251474857330322
27623424 0.269274532794952
27721728 0.239937141537666
27820032 0.28246545791626
27918336 0.272886246442795
28016640 0.239402562379837
28114944 0.321549981832504
28213248 0.231405094265938
28311552 0.27060267329216
28409856 0.272976517677307
28508160 0.255601495504379
28606464 0.301396787166595
28704768 0.322977662086487
28803072 0.306762725114822
28901376 0.286670416593552
28999680 0.297778755426407
29097984 0.329509317874908
29196288 0.299207031726837
29294592 0.308364123106003
29392896 0.312274068593979
29491200 0.294664829969406
29589504 0.32209712266922
29687808 0.314849227666855
29786112 0.321819752454758
29884416 0.322015136480331
29982720 0.309564590454102
30081024 0.298986166715622
30179328 0.349915593862534
30277632 0.32804012298584
30375936 0.335004687309265
30474240 0.34610652923584
30572544 0.391180515289307
30670848 0.361301988363266
30769152 0.369455367326736
30867456 0.320434987545013
30965760 0.348931044340134
31064064 0.322698593139648
31162368 0.342151314020157
31260672 0.395742297172546
31358976 0.347725689411163
31457280 0.385944038629532
31555584 0.347571194171906
31653888 0.405865639448166
31752192 0.388130336999893
31850496 0.359085708856583
31948800 0.398681849241257
32047104 0.412971407175064
32145408 0.401826918125153
32243712 0.398204386234283
32342016 0.391542583703995
32440320 0.377484709024429
32538624 0.397256791591644
32636928 0.396224170923233
32735232 0.339727401733398
32833536 0.422148048877716
32931840 0.399217188358307
33030144 0.436710923910141
33128448 0.411217778921127
33226752 0.430251032114029
33325056 0.447463124990463
33423360 0.439861506223679
33521664 0.442448347806931
33619968 0.433087587356567
33718272 0.432582199573517
33816576 0.464650064706802
33914880 0.391413480043411
34013184 0.457645237445831
34111488 0.410773813724518
34209792 0.390126824378967
34308096 0.435734331607819
34406400 0.474203258752823
34504704 0.431130230426788
34603008 0.45294126868248
34701312 0.462805837392807
34799616 0.471239775419235
34897920 0.496249198913574
34996224 0.450425535440445
35094528 0.477433174848557
35192832 0.513611793518066
35291136 0.449574947357178
35389440 0.484334528446198
35487744 0.445687115192413
35586048 0.469093888998032
35684352 0.453982800245285
35782656 0.426265090703964
35880960 0.426592916250229
35979264 0.486458510160446
36077568 0.441464483737946
36175872 0.456894397735596
36274176 0.466052860021591
36372480 0.467510044574738
36470784 0.472806364297867
36569088 0.431626528501511
36667392 0.496468931436539
36765696 0.445136845111847
36864000 0.461645185947418
36962304 0.44339594244957
37060608 0.465343862771988
37158912 0.488868236541748
37257216 0.482816785573959
37355520 0.533095479011536
37453824 0.512538194656372
37552128 0.466861099004745
37650432 0.497984498739243
37748736 0.448413521051407
37847040 0.517733156681061
37945344 0.485797882080078
38043648 0.500914812088013
38141952 0.530749142169952
38240256 0.46324148774147
38338560 0.493687063455582
38436864 0.489294826984406
38535168 0.547423243522644
38633472 0.4589484333992
38731776 0.507714450359344
38830080 0.517114102840424
38928384 0.477428734302521
39026688 0.488683789968491
39124992 0.520648300647736
39223296 0.481730550527573
39321600 0.524971067905426
39419904 0.524397373199463
39518208 0.500985503196716
39616512 0.493182748556137
39714816 0.448206335306168
39813120 0.510220289230347
39911424 0.532947897911072
40009728 0.516061961650848
40108032 0.543863236904144
40206336 0.546761035919189
40304640 0.473803579807281
40402944 0.512901246547699
40501248 0.528423964977264
40599552 0.502025604248047
40697856 0.532719552516937
40796160 0.498200953006744
40894464 0.478998094797134
40992768 0.503731608390808
41091072 0.506269693374634
41189376 0.498262703418732
41287680 0.531775116920471
41385984 0.538772583007812
41484288 0.515562832355499
41582592 0.512104511260986
41680896 0.501928746700287
41779200 0.505371510982513
41877504 0.54162460565567
41975808 0.512866675853729
42074112 0.478579819202423
42172416 0.569086492061615
42270720 0.464888900518417
42369024 0.553428113460541
42467328 0.543671846389771
42565632 0.50931304693222
42663936 0.56718522310257
42762240 0.547672271728516
42860544 0.527502954006195
42958848 0.515535354614258
43057152 0.5220667719841
43155456 0.530309796333313
43253760 0.555468320846558
43352064 0.527516782283783
43450368 0.510751664638519
43548672 0.504752576351166
43646976 0.541112840175629
43745280 0.485332399606705
43843584 0.500708043575287
43941888 0.486329853534698
44040192 0.50654011964798
44138496 0.511358976364136
44236800 0.536884784698486
44335104 0.484745115041733
44433408 0.531385838985443
44531712 0.552090883255005
44630016 0.502866923809052
44728320 0.512688338756561
44826624 0.567119002342224
44924928 0.538942337036133
45023232 0.528424143791199
45121536 0.474657118320465
45219840 0.499967664480209
45318144 0.500370502471924
45416448 0.53936779499054
45514752 0.470675766468048
45613056 0.489988058805466
45711360 0.450397491455078
45809664 0.469214409589767
45907968 0.55417662858963
46006272 0.456446558237076
46104576 0.495687574148178
46202880 0.491698741912842
46301184 0.49699279665947
46399488 0.517159402370453
46497792 0.526187598705292
46596096 0.551053166389465
46694400 0.526315331459045
46792704 0.4979228079319
46891008 0.511262357234955
46989312 0.489437162876129
47087616 0.550081193447113
47185920 0.523750483989716
47284224 0.503835141658783
47382528 0.50233393907547
47480832 0.500957489013672
47579136 0.510821044445038
47677440 0.498321920633316
47775744 0.510272085666656
47874048 0.526489198207855
47972352 0.511082589626312
48070656 0.487544298171997
48168960 0.493042528629303
48267264 0.496048450469971
48365568 0.509623527526855
48463872 0.513193130493164
48562176 0.49320450425148
48660480 0.518307626247406
48758784 0.493409246206284
48857088 0.508547008037567
48955392 0.525161623954773
49053696 0.544229924678802
49152000 0.489404439926147
49250304 0.49928617477417
49348608 0.552512347698212
49446912 0.514289975166321
49545216 0.514834463596344
49643520 0.521853268146515
49741824 0.539324104785919
49840128 0.487004578113556
49938432 0.510646879673004
50036736 0.525669753551483
50135040 0.507817268371582
50233344 0.483296781778336
50331648 0.497690111398697
50429952 0.464486688375473
50528256 0.501957535743713
50626560 0.515172183513641
50724864 0.491531133651733
50823168 0.504184424877167
50921472 0.444825261831284
51019776 0.495706647634506
51118080 0.451177835464478
51216384 0.485351651906967
51314688 0.475680261850357
51412992 0.543255269527435
51511296 0.498784840106964
51609600 0.500751554965973
51707904 0.497761934995651
51806208 0.464861482381821
51904512 0.47909140586853
52002816 0.511298656463623
52101120 0.480876117944717
52199424 0.489689350128174
52297728 0.475217670202255
52396032 0.519109547138214
52494336 0.460477560758591
52592640 0.473845303058624
52690944 0.473633974790573
52789248 0.464782774448395
52887552 0.468059748411179
52985856 0.462520658969879
53084160 0.446610450744629
53182464 0.515575706958771
53280768 0.475990861654282
53379072 0.470560640096664
53477376 0.46437406539917
53575680 0.423268795013428
53673984 0.429922431707382
53772288 0.477392107248306
53870592 0.47007942199707
53968896 0.447764366865158
54067200 0.415874481201172
54165504 0.480383694171906
54263808 0.422576725482941
54362112 0.43668007850647
54460416 0.454056113958359
54558720 0.474551498889923
54657024 0.509493887424469
54755328 0.445630878210068
54853632 0.425698757171631
54951936 0.445077627897263
55050240 0.427793890237808
55148544 0.435689926147461
55246848 0.412389576435089
55345152 0.474119037389755
55443456 0.415245622396469
55541760 0.434756964445114
55640064 0.438060015439987
55738368 0.476073414087296
55836672 0.423654168844223
55934976 0.464202880859375
56033280 0.41521367430687
56131584 0.445881456136703
56229888 0.411502331495285
56328192 0.430548876523972
56426496 0.461240977048874
56524800 0.433216869831085
56623104 0.482990652322769
56721408 0.381924033164978
56819712 0.418044239282608
56918016 0.397614687681198
57016320 0.454285353422165
57114624 0.432630062103271
57212928 0.445036888122559
57311232 0.413650900125504
57409536 0.407768249511719
57507840 0.413560539484024
57606144 0.412272989749908
57704448 0.411114513874054
57802752 0.397243440151215
57901056 0.409974724054337
57999360 0.427579790353775
58097664 0.436104118824005
58195968 0.391004025936127
58294272 0.407233327627182
58392576 0.402692764997482
58490880 0.401853859424591
58589184 0.341228306293488
58687488 0.397188633680344
58785792 0.380982488393784
58884096 0.365166515111923
58982400 0.377669304609299
59080704 0.395423322916031
59179008 0.386591643095016
59277312 0.363572210073471
59375616 0.408333986997604
59473920 0.347775191068649
59572224 0.390839666128159
59670528 0.352383762598038
59768832 0.372269213199615
59867136 0.373448699712753
59965440 0.359969109296799
60063744 0.393225818872452
60162048 0.384624719619751
60260352 0.377507656812668
60358656 0.403011053800583
60456960 0.368298053741455
60555264 0.319639503955841
60653568 0.355815500020981
60751872 0.364971488714218
60850176 0.383453518152237
60948480 0.34074279665947
61046784 0.332976996898651
61145088 0.34847828745842
61243392 0.378110617399216
61341696 0.382205992937088
61440000 0.357704490423203
61538304 0.382857769727707
61636608 0.330864906311035
61734912 0.355166018009186
61833216 0.356147646903992
61931520 0.318116724491119
62029824 0.32090026140213
62128128 0.313344895839691
62226432 0.329173147678375
62324736 0.335484653711319
62423040 0.324271470308304
62521344 0.329678595066071
62619648 0.312919050455093
62717952 0.321525037288666
62816256 0.313154548406601
62914560 0.31254169344902
63012864 0.325376957654953
63111168 0.310746371746063
63209472 0.347717851400375
63307776 0.308656275272369
63406080 0.298791080713272
63504384 0.325761765241623
63602688 0.327238500118256
63700992 0.296636760234833
63799296 0.322567522525787
63897600 0.313368290662766
63995904 0.287033051252365
64094208 0.301105231046677
64192512 0.31690701842308
64290816 0.335144490003586
64389120 0.325364321470261
64487424 0.314990252256393
64585728 0.289033651351929
64684032 0.282739222049713
64782336 0.286728918552399
64880640 0.293248802423477
64978944 0.273468315601349
65077248 0.268742859363556
65175552 0.297783732414246
65273856 0.289519935846329
65372160 0.266589313745499
65470464 0.34000426530838
65568768 0.270404160022736
65667072 0.297461241483688
65765376 0.322773188352585
65863680 0.275819391012192
65961984 0.271428883075714
66060288 0.254484087228775
66158592 0.280033141374588
66256896 0.289008915424347
66355200 0.270208925008774
66453504 0.266792148351669
66551808 0.269521564245224
66650112 0.285286486148834
66748416 0.272050678730011
66846720 0.287936419248581
66945024 0.267140656709671
67043328 0.269903689622879
67141632 0.263060092926025
67239936 0.273811906576157
67338240 0.305654764175415
67436544 0.286793887615204
67534848 0.244894772768021
67633152 0.273494154214859
67731456 0.285341769456863
67829760 0.291584342718124
67928064 0.267213612794876
68026368 0.306669384241104
68124672 0.312979519367218
68222976 0.27772256731987
68321280 0.298559099435806
68419584 0.277197271585464
68517888 0.284610599279404
68616192 0.254724234342575
68714496 0.259155243635178
68812800 0.235690742731094
68911104 0.251753658056259
69009408 0.281447023153305
69107712 0.25706747174263
69206016 0.287318468093872
69304320 0.257960796356201
69402624 0.286590993404388
69500928 0.287921339273453
69599232 0.276328653097153
69697536 0.280320733785629
69795840 0.256377995014191
69894144 0.294983208179474
69992448 0.269058078527451
70090752 0.276357799768448
70189056 0.283997118473053
70287360 0.291406542062759
70385664 0.274716973304749
70483968 0.277949661016464
70582272 0.269208341836929
70680576 0.263921767473221
70778880 0.314940512180328
70877184 0.289231598377228
70975488 0.267675638198853
71073792 0.275150775909424
71172096 0.251032173633575
71270400 0.245643362402916
71368704 0.271231114864349
71467008 0.295987665653229
71565312 0.266368120908737
71663616 0.31338706612587
71761920 0.264852106571198
71860224 0.273616880178452
71958528 0.237065389752388
72056832 0.267173528671265
72155136 0.256341278553009
72253440 0.259538590908051
72351744 0.244147345423698
72450048 0.269643068313599
72548352 0.288369745016098
72646656 0.235898777842522
72744960 0.276958167552948
72843264 0.296386390924454
72941568 0.275008141994476
73039872 0.319195955991745
73138176 0.264940649271011
73236480 0.289438784122467
73334784 0.266586780548096
73433088 0.25506916642189
73531392 0.260147660970688
73629696 0.270615339279175
73728000 0.291099488735199
73826304 0.268450647592545
73924608 0.284470498561859
74022912 0.276562690734863
74121216 0.29667729139328
74219520 0.2961545586586
74317824 0.26952451467514
74416128 0.270810604095459
74514432 0.265701293945312
74612736 0.265458941459656
74711040 0.292424827814102
74809344 0.26545986533165
74907648 0.273717373609543
75005952 0.292850196361542
75104256 0.26031082868576
75202560 0.283511251211166
75300864 0.297108978033066
75399168 0.266878515481949
75497472 0.248791605234146
75595776 0.271034151315689
75694080 0.259548276662827
75792384 0.243290767073631
75890688 0.27656552195549
75988992 0.254158467054367
76087296 0.292147636413574
76185600 0.291014820337296
76283904 0.264886856079102
76382208 0.284451693296432
76480512 0.273874253034592
76578816 0.291086405515671
76677120 0.246257215738297
76775424 0.287092447280884
76873728 0.267327636480331
76972032 0.248587891459465
77070336 0.274314135313034
77168640 0.251219809055328
77266944 0.258736968040466
77365248 0.291767835617065
77463552 0.281063884496689
77561856 0.277738064527512
77660160 0.252280324697495
77758464 0.285505056381226
77856768 0.249609753489494
77955072 0.280091285705566
78053376 0.255737751722336
78151680 0.288722604513168
78249984 0.284092664718628
78348288 0.264073371887207
78446592 0.271940946578979
78544896 0.267169684171677
78643200 0.247713848948479
78741504 0.290703624486923
78839808 0.297305911779404
78938112 0.313563168048859
79036416 0.283153980970383
79134720 0.271981537342072
79233024 0.271501034498215
79331328 0.273567408323288
79429632 0.314929634332657
79527936 0.293763220310211
79626240 0.281347543001175
79724544 0.276654064655304
79822848 0.260351419448853
79921152 0.273242294788361
80019456 0.28422150015831
80117760 0.288784176111221
80216064 0.256225526332855
80314368 0.263735294342041
80412672 0.288382858037949
80510976 0.283269017934799
80609280 0.319540649652481
80707584 0.297799348831177
80805888 0.269864469766617
80904192 0.27032271027565
81002496 0.310358077287674
81100800 0.253240764141083
81199104 0.271529525518417
81297408 0.319033831357956
81395712 0.333931177854538
81494016 0.311200052499771
81592320 0.264508545398712
81690624 0.319456905126572
81788928 0.294084846973419
81887232 0.307471483945847
81985536 0.31578928232193
82083840 0.292428463697433
82182144 0.295833796262741
82280448 0.316060990095139
82378752 0.297928869724274
82477056 0.317865043878555
82575360 0.265769243240356
82673664 0.271076589822769
82771968 0.264922231435776
82870272 0.324261426925659
82968576 0.312382131814957
83066880 0.275712490081787
83165184 0.316917717456818
83263488 0.345169007778168
83361792 0.298100471496582
83460096 0.317992717027664
83558400 0.286327719688416
83656704 0.285555750131607
83755008 0.325362414121628
83853312 0.317160278558731
83951616 0.339039444923401
84049920 0.328219622373581
84148224 0.282895535230637
84246528 0.32940673828125
84344832 0.302925884723663
84443136 0.27585443854332
84541440 0.344871908426285
84639744 0.312793672084808
84738048 0.32079553604126
84836352 0.309928148984909
84934656 0.279493898153305
85032960 0.351160854101181
85131264 0.338802337646484
85229568 0.348820894956589
85327872 0.357186853885651
85426176 0.309951156377792
85524480 0.324169814586639
85622784 0.349005907773972
85721088 0.314901500940323
85819392 0.319146364927292
85917696 0.309803366661072
86016000 0.311681479215622
86114304 0.347927361726761
86212608 0.329829722642899
86310912 0.327515214681625
86409216 0.312856763601303
86507520 0.3338463306427
86605824 0.352391541004181
86704128 0.283363461494446
86802432 0.295800179243088
86900736 0.315415561199188
86999040 0.33589893579483
87097344 0.349230855703354
87195648 0.31400391459465
87293952 0.30527400970459
87392256 0.338493764400482
87490560 0.308619290590286
87588864 0.334236353635788
87687168 0.331378906965256
87785472 0.340025871992111
87883776 0.313081085681915
87982080 0.290798753499985
88080384 0.310805231332779
88178688 0.330662101507187
88276992 0.324647635221481
88375296 0.319916784763336
88473600 0.336279720067978
88571904 0.359258860349655
88670208 0.336866468191147
88768512 0.342677384614944
88866816 0.342415183782578
88965120 0.335402816534042
89063424 0.317488580942154
89161728 0.315842479467392
89260032 0.304469913244247
89358336 0.318288177251816
89456640 0.345600128173828
89554944 0.324410259723663
89653248 0.357593148946762
89751552 0.351368725299835
89849856 0.358956068754196
89948160 0.34162512421608
90046464 0.319063395261765
90144768 0.349159806966782
90243072 0.334515810012817
90341376 0.348469495773315
90439680 0.33386442065239
90537984 0.308939516544342
90636288 0.32918056845665
90734592 0.355620354413986
90832896 0.366989463567734
90931200 0.348041832447052
91029504 0.325542747974396
91127808 0.306134909391403
91226112 0.35670405626297
91324416 0.352582693099976
91422720 0.341290146112442
91521024 0.352480441331863
91619328 0.373567909002304
91717632 0.324379920959473
91815936 0.350218296051025
91914240 0.354496985673904
92012544 0.365661978721619
92110848 0.381836324930191
92209152 0.377865731716156
92307456 0.35871085524559
92405760 0.347764551639557
92504064 0.353104442358017
92602368 0.348043978214264
92700672 0.375081837177277
92798976 0.365410327911377
92897280 0.407909631729126
92995584 0.34055158495903
93093888 0.358206748962402
93192192 0.346838116645813
93290496 0.392217874526978
93388800 0.389490574598312
93487104 0.363542079925537
93585408 0.348526805639267
93683712 0.352781414985657
93782016 0.373076111078262
93880320 0.400672435760498
93978624 0.350949972867966
94076928 0.358471065759659
94175232 0.382631927728653
94273536 0.383975625038147
94371840 0.436670154333115
94470144 0.409337192773819
94568448 0.394632577896118
94666752 0.368033319711685
94765056 0.405448824167252
94863360 0.411954313516617
94961664 0.390048176050186
95059968 0.388552665710449
95158272 0.372295022010803
95256576 0.388940453529358
95354880 0.403530031442642
95453184 0.418377131223679
95551488 0.416231065988541
95649792 0.388958513736725
95748096 0.384652584791183
95846400 0.425624847412109
95944704 0.407658249139786
96043008 0.402527719736099
96141312 0.412442982196808
96239616 0.402394682168961
96337920 0.400022238492966
96436224 0.417290598154068
96534528 0.412540405988693
96632832 0.391162484884262
96731136 0.440565675497055
96829440 0.415963470935822
96927744 0.38553723692894
97026048 0.412156671285629
97124352 0.410543829202652
97222656 0.459869474172592
97320960 0.412022918462753
97419264 0.425736099481583
97517568 0.437741428613663
97615872 0.413983821868896
97714176 0.430473655462265
97812480 0.411849975585938
97910784 0.438670068979263
98009088 0.464648813009262
98107392 0.44978329539299
98205696 0.455712229013443
98304000 0.422786712646484
98402304 0.420040607452393
98500608 0.448278874158859
98598912 0.413884699344635
98697216 0.399106234312057
98795520 0.464495271444321
98893824 0.443144470453262
98992128 0.460388392210007
99090432 0.455934822559357
99188736 0.419632256031036
99287040 0.428875684738159
99385344 0.435310572385788
99483648 0.44078254699707
99581952 0.440643399953842
99680256 0.432657212018967
99778560 0.427395164966583
99876864 0.423861980438232
99975168 0.432429403066635
100073472 0.422297298908234
100171776 0.422873347997665
100270080 0.470540821552277
100368384 0.410382568836212
100466688 0.473797619342804
100564992 0.463909924030304
100663296 0.450419336557388
100761600 0.478822529315948
100859904 0.465104550123215
100958208 0.482622921466827
101056512 0.473036020994186
101154816 0.456289768218994
101253120 0.498366743326187
101351424 0.485685437917709
101449728 0.474410742521286
101548032 0.456149160861969
101646336 0.477781981229782
101744640 0.441779851913452
101842944 0.440732568502426
101941248 0.456938236951828
102039552 0.479648560285568
102137856 0.479254066944122
102236160 0.433938354253769
102334464 0.472523540258408
102432768 0.483372062444687
102531072 0.472207367420197
102629376 0.452478885650635
102727680 0.477520078420639
102825984 0.477342128753662
102924288 0.451888084411621
103022592 0.455650240182877
103120896 0.477388352155685
103219200 0.47691223025322
103317504 0.486708164215088
103415808 0.50201952457428
103514112 0.513818085193634
103612416 0.487471491098404
103710720 0.48669621348381
103809024 0.490103721618652
103907328 0.503369152545929
104005632 0.519900023937225
104103936 0.481451004743576
104202240 0.488804429769516
104300544 0.500425279140472
104398848 0.533733606338501
104497152 0.534182369709015
104595456 0.501191258430481
104693760 0.539108633995056
104792064 0.492994070053101
104890368 0.469506114721298
104988672 0.481443136930466
105086976 0.484317362308502
105185280 0.506611347198486
105283584 0.502654552459717
105381888 0.506396889686584
105480192 0.467833817005157
105578496 0.503561794757843
105676800 0.515101134777069
105775104 0.486254990100861
105873408 0.493782728910446
105971712 0.484178155660629
106070016 0.537551641464233
106168320 0.510333478450775
106266624 0.499464809894562
106364928 0.538018822669983
106463232 0.499732732772827
106561536 0.540127098560333
106659840 0.504386901855469
106758144 0.498808145523071
106856448 0.532668054103851
106954752 0.513086497783661
107053056 0.506601214408875
107151360 0.543148696422577
107249664 0.521542131900787
107347968 0.516780078411102
107446272 0.524935901165009
107544576 0.560690939426422
107642880 0.542146623134613
107741184 0.52499783039093
107839488 0.512904345989227
107937792 0.52820360660553
108036096 0.528883874416351
108134400 0.516045689582825
108232704 0.548273205757141
108331008 0.529378890991211
108429312 0.521154522895813
108527616 0.535292088985443
108625920 0.536982417106628
108724224 0.537185490131378
108822528 0.520029604434967
108920832 0.521324455738068
109019136 0.538662075996399
109117440 0.516752064228058
109215744 0.512549519538879
109314048 0.538801372051239
109412352 0.505299806594849
109510656 0.553041160106659
109608960 0.534767746925354
109707264 0.54659366607666
109805568 0.583656907081604
109903872 0.555936455726624
110002176 0.561602294445038
110100480 0.543411254882812
110198784 0.543014287948608
110297088 0.564890682697296
110395392 0.57349693775177
110493696 0.520065903663635
110592000 0.543964862823486
110690304 0.562481880187988
110788608 0.574446201324463
110886912 0.555123925209045
110985216 0.550794303417206
111083520 0.51170802116394
111181824 0.548435866832733
111280128 0.538839340209961
111378432 0.58948165178299
111476736 0.553993880748749
111575040 0.54170286655426
111673344 0.565279424190521
111771648 0.537285149097443
111869952 0.524025142192841
111968256 0.525361299514771
112066560 0.547956943511963
112164864 0.58838415145874
112263168 0.535514950752258
112361472 0.554504334926605
112459776 0.539994657039642
112558080 0.561088681221008
112656384 0.561517357826233
112754688 0.558761477470398
112852992 0.604271531105042
112951296 0.563592851161957
113049600 0.572814643383026
113147904 0.577249944210052
113246208 0.55464106798172
113344512 0.563015401363373
113442816 0.591775715351105
113541120 0.571064114570618
113639424 0.573794424533844
113737728 0.550912797451019
113836032 0.593117892742157
113934336 0.553213953971863
114032640 0.587224662303925
114130944 0.573743581771851
114229248 0.549363911151886
114327552 0.574129700660706
114425856 0.565560758113861
114524160 0.578057050704956
114622464 0.60645204782486
114720768 0.574803829193115
114819072 0.588194668292999
114917376 0.572539925575256
115015680 0.557583272457123
115113984 0.571280181407928
115212288 0.559990227222443
115310592 0.598878085613251
115408896 0.566685378551483
115507200 0.556097447872162
115605504 0.573021709918976
115703808 0.572053730487823
115802112 0.572530567646027
115900416 0.533097743988037
115998720 0.572690308094025
116097024 0.598973035812378
116195328 0.583582639694214
116293632 0.562232136726379
116391936 0.581102669239044
116490240 0.613576292991638
116588544 0.557545602321625
116686848 0.556038677692413
116785152 0.550199687480927
116883456 0.566886603832245
116981760 0.549025177955627
117080064 0.562932729721069
117178368 0.549194276332855
117276672 0.569732666015625
117374976 0.578254282474518
117473280 0.577072620391846
117571584 0.569370210170746
117669888 0.596492767333984
117768192 0.553024888038635
117866496 0.56611430644989
117964800 0.580100834369659
118063104 0.562007904052734
118161408 0.546110033988953
118259712 0.548050820827484
118358016 0.602645814418793
118456320 0.588885247707367
118554624 0.570683717727661
118652928 0.576894223690033
118751232 0.593584477901459
118849536 0.606228768825531
118947840 0.597979605197906
119046144 0.594827115535736
119144448 0.589934766292572
119242752 0.59675657749176
119341056 0.588682174682617
119439360 0.593063473701477
119537664 0.596306920051575
119635968 0.598357677459717
119734272 0.599672257900238
119832576 0.581094145774841
119930880 0.56415981054306
120029184 0.629961967468262
120127488 0.625642418861389
120225792 0.590619683265686
120324096 0.586439192295074
120422400 0.592592179775238
120520704 0.61804074048996
120619008 0.595431685447693
120717312 0.588447332382202
120815616 0.6020747423172
120913920 0.594400227069855
121012224 0.603317260742188
121110528 0.621468007564545
121208832 0.609196245670319
121307136 0.585693657398224
121405440 0.578819930553436
121503744 0.567111134529114
121602048 0.589165091514587
121700352 0.570289134979248
121798656 0.591936767101288
121896960 0.590218424797058
121995264 0.583328664302826
122093568 0.589678466320038
122191872 0.596439898014069
122290176 0.602298498153687
122388480 0.582345366477966
122486784 0.606513023376465
122585088 0.593155682086945
122683392 0.603316485881805
122781696 0.575665414333344
122880000 0.619888007640839
122978304 0.615297973155975
123076608 0.588351726531982
123174912 0.638791501522064
123273216 0.609533309936523
123371520 0.618906021118164
123469824 0.597387313842773
123568128 0.601668834686279
123666432 0.589012563228607
123764736 0.589471340179443
123863040 0.611068367958069
123961344 0.621976315975189
124059648 0.629003465175629
124157952 0.623545110225677
124256256 0.610048592090607
124354560 0.639022469520569
124452864 0.622730016708374
124551168 0.639716267585754
124649472 0.629669010639191
124747776 0.655531823635101
124846080 0.639571607112885
124944384 0.606831073760986
125042688 0.639066159725189
125140992 0.61965936422348
125239296 0.635362505912781
125337600 0.622423470020294
125435904 0.645684719085693
125534208 0.642431437969208
125632512 0.630239427089691
125730816 0.651131331920624
125829120 0.644747078418732
125927424 0.658420383930206
126025728 0.659330189228058
126124032 0.64852112531662
126222336 0.650557994842529
126320640 0.611653804779053
126418944 0.628132045269012
126517248 0.631119847297668
126615552 0.633900582790375
126713856 0.643599092960358
126812160 0.643556237220764
126910464 0.666237771511078
127008768 0.641291797161102
127107072 0.631017744541168
127205376 0.658458352088928
127303680 0.634268581867218
127401984 0.678179144859314
127500288 0.629390835762024
127598592 0.631142795085907
127696896 0.60673713684082
127795200 0.629092991352081
127893504 0.636195957660675
127991808 0.642716705799103
128090112 0.647565066814423
128188416 0.648428857326508
128286720 0.635943114757538
128385024 0.650621056556702
128483328 0.654145240783691
128581632 0.658805072307587
128679936 0.635222196578979
128778240 0.661564826965332
128876544 0.635762214660645
128974848 0.63026088476181
129073152 0.653001487255096
129171456 0.621257305145264
129269760 0.660643219947815
129368064 0.634303569793701
129466368 0.619246244430542
129564672 0.619731605052948
129662976 0.629325568675995
129761280 0.653867423534393
129859584 0.638448059558868
129957888 0.639188885688782
130056192 0.647602736949921
130154496 0.665151298046112
130252800 0.646165668964386
130351104 0.637859463691711
130449408 0.651491582393646
130547712 0.637649714946747
130646016 0.680787801742554
130744320 0.648337066173553
130842624 0.64519852399826
130940928 0.658079445362091
131039232 0.665021419525146
131137536 0.65920752286911
131235840 0.672323167324066
131334144 0.661387324333191
131432448 0.669007897377014
131530752 0.673300921916962
131629056 0.67708945274353
131727360 0.656120955944061
131825664 0.62426233291626
131923968 0.65066796541214
132022272 0.615926384925842
132120576 0.651292979717255
132218880 0.623672485351562
132317184 0.643361032009125
132415488 0.659057915210724
132513792 0.626170337200165
132612096 0.631759345531464
132710400 0.656434953212738
132808704 0.672516584396362
132907008 0.637852191925049
133005312 0.642998218536377
133103616 0.667646706104279
133201920 0.632226884365082
133300224 0.66211599111557
133398528 0.65410304069519
133496832 0.646224737167358
133595136 0.680329918861389
133693440 0.650503754615784
133791744 0.669319748878479
133890048 0.637339293956757
133988352 0.634648144245148
134086656 0.637805759906769
134184960 0.663117825984955
134283264 0.66724568605423
134381568 0.674377381801605
134479872 0.668666064739227
134578176 0.661985874176025
134676480 0.648487508296967
134774784 0.65882271528244
134873088 0.641324579715729
134971392 0.643307328224182
135069696 0.652875483036041
135168000 0.635261476039886
135266304 0.650038838386536
135364608 0.659984230995178
135462912 0.640762865543365
135561216 0.665948271751404
135659520 0.646347939968109
135757824 0.653112530708313
135856128 0.623640716075897
135954432 0.635590970516205
136052736 0.654929637908936
136151040 0.635574162006378
136249344 0.650893151760101
136347648 0.656616985797882
136445952 0.666359722614288
136544256 0.644092500209808
136642560 0.661539494991302
136740864 0.648519515991211
136839168 0.63552725315094
136937472 0.633369207382202
137035776 0.662569165229797
137134080 0.657334506511688
137232384 0.648741066455841
137330688 0.64862334728241
137428992 0.641879856586456
137527296 0.649589478969574
137625600 0.633360505104065
137723904 0.642376840114594
137822208 0.641413033008575
137920512 0.622050940990448
138018816 0.631588935852051
138117120 0.630886435508728
138215424 0.652795433998108
138313728 0.634234249591827
138412032 0.637805163860321
138510336 0.645082116127014
138608640 0.61932498216629
138706944 0.616025388240814
138805248 0.645710229873657
138903552 0.604609668254852
139001856 0.62505179643631
139100160 0.614216983318329
139198464 0.640712916851044
139296768 0.609849154949188
139395072 0.629587233066559
139493376 0.643143713474274
139591680 0.614942848682404
139689984 0.645018458366394
139788288 0.60720282793045
139886592 0.61720198392868
139984896 0.610564291477203
140083200 0.629418313503265
140181504 0.604070961475372
140279808 0.606019854545593
140378112 0.605028986930847
140476416 0.603023648262024
140574720 0.619530320167542
140673024 0.594006478786469
140771328 0.599656105041504
140869632 0.619573354721069
140967936 0.626381695270538
141066240 0.598410308361053
141164544 0.618712425231934
141262848 0.640338063240051
141361152 0.620732009410858
141459456 0.619639039039612
141557760 0.628700315952301
141656064 0.615543186664581
141754368 0.603352844715118
141852672 0.621471524238586
141950976 0.636192142963409
142049280 0.620887458324432
142147584 0.607398867607117
142245888 0.628618955612183
142344192 0.61270010471344
142442496 0.622458517551422
142540800 0.616637885570526
142639104 0.626937925815582
142737408 0.632982432842255
142835712 0.617562294006348
142934016 0.637304782867432
143032320 0.613846242427826
143130624 0.629326045513153
143228928 0.635667502880096
143327232 0.621893286705017
143425536 0.628618597984314
143523840 0.6292884349823
143622144 0.626262128353119
143720448 0.609976649284363
143818752 0.613237380981445
143917056 0.658614337444305
144015360 0.620078265666962
144113664 0.621030211448669
144211968 0.617563962936401
144310272 0.622850000858307
144408576 0.634856522083282
144506880 0.604835867881775
144605184 0.631832301616669
144703488 0.604338645935059
144801792 0.626432597637177
144900096 0.624033451080322
144998400 0.614386975765228
145096704 0.642212569713593
145195008 0.606851994991302
145293312 0.635036408901215
145391616 0.633453667163849
145489920 0.617518842220306
145588224 0.630454182624817
145686528 0.61049622297287
145784832 0.620256423950195
145883136 0.619581520557404
145981440 0.610315024852753
146079744 0.625678539276123
146178048 0.618815064430237
146276352 0.618468463420868
146374656 0.602285027503967
146472960 0.590713798999786
146571264 0.605728089809418
146669568 0.595658481121063
146767872 0.619020640850067
146866176 0.600124716758728
146964480 0.604638695716858
147062784 0.615892231464386
147161088 0.61296159029007
147259392 0.598538398742676
147357696 0.609675109386444
147456000 0.641424357891083
147554304 0.584182441234589
147652608 0.617704689502716
147750912 0.619792103767395
147849216 0.603196322917938
147947520 0.62338662147522
148045824 0.610783398151398
148144128 0.633210301399231
148242432 0.60225909948349
148340736 0.620162725448608
148439040 0.620104253292084
148537344 0.613711535930634
148635648 0.609834671020508
148733952 0.620243489742279
148832256 0.620025634765625
148930560 0.606139004230499
149028864 0.627997636795044
149127168 0.616090595722198
149225472 0.608076333999634
149323776 0.626002788543701
149422080 0.620676696300507
149520384 0.621970415115356
149618688 0.605846047401428
149716992 0.608151435852051
149815296 0.627115905284882
149913600 0.618641793727875
150011904 0.629404187202454
150110208 0.60333377122879
150208512 0.612713873386383
150306816 0.610540628433228
150405120 0.607472538948059
150503424 0.60658472776413
150601728 0.577338993549347
150700032 0.618689358234406
150798336 0.603069722652435
150896640 0.600216507911682
150994944 0.593698978424072
151093248 0.6212238073349
151191552 0.601921737194061
151289856 0.603562295436859
151388160 0.59715747833252
151486464 0.602221488952637
151584768 0.608617961406708
151683072 0.589879035949707
151781376 0.59540319442749
151879680 0.602329194545746
151977984 0.599821031093597
152076288 0.575316488742828
152174592 0.59255850315094
152272896 0.598662495613098
152371200 0.609680831432343
152469504 0.601717174053192
152567808 0.571584820747375
152666112 0.612728595733643
152764416 0.588969886302948
152862720 0.599507331848145
152961024 0.595166504383087
153059328 0.605374872684479
153157632 0.588624596595764
153255936 0.580855190753937
153354240 0.58400022983551
153452544 0.578404486179352
153550848 0.557464361190796
153649152 0.593996942043304
153747456 0.580425143241882
153845760 0.591574966907501
153944064 0.59660929441452
154042368 0.578491628170013
154140672 0.571525156497955
154238976 0.551230370998383
154337280 0.566100239753723
154435584 0.570325314998627
154533888 0.577608644962311
154632192 0.571968972682953
154730496 0.56471711397171
154828800 0.568575739860535
154927104 0.588897347450256
155025408 0.583610355854034
155123712 0.588986575603485
155222016 0.56958132982254
155320320 0.583347022533417
155418624 0.560863554477692
155516928 0.584942281246185
155615232 0.576842367649078
155713536 0.583187699317932
155811840 0.560422778129578
155910144 0.571694850921631
156008448 0.574071228504181
156106752 0.584322869777679
156205056 0.581188380718231
156303360 0.572149813175201
156401664 0.584188640117645
156499968 0.591963529586792
156598272 0.571669638156891
156696576 0.573448240756989
156794880 0.575836181640625
156893184 0.58032214641571
156991488 0.581293761730194
157089792 0.577684581279755
157188096 0.578795909881592
157286400 0.571628093719482
157384704 0.571766018867493
157483008 0.586018681526184
157581312 0.566654145717621
157679616 0.581918656826019
157777920 0.578062355518341
157876224 0.567032754421234
157974528 0.578910112380981
158072832 0.574858546257019
158171136 0.569740653038025
158269440 0.578046441078186
158367744 0.571353852748871
158466048 0.576434254646301
158564352 0.57608026266098
158662656 0.556006371974945
158760960 0.57859867811203
158859264 0.560222268104553
158957568 0.567998349666595
159055872 0.564685165882111
159154176 0.561156392097473
159252480 0.565845787525177
159350784 0.578580796718597
159449088 0.547845184803009
159547392 0.577784419059753
159645696 0.569822013378143
159744000 0.572625577449799
159842304 0.564592361450195
159940608 0.562811970710754
160038912 0.558003008365631
160137216 0.558453917503357
160235520 0.562866985797882
160333824 0.557125329971313
160432128 0.559588253498077
160530432 0.561737060546875
160628736 0.552725732326508
160727040 0.554878354072571
160825344 0.563870012760162
160923648 0.552820861339569
161021952 0.572339057922363
161120256 0.575320184230804
161218560 0.576694190502167
161316864 0.546224534511566
161415168 0.567549228668213
161513472 0.553556621074677
161611776 0.567647337913513
161710080 0.534039318561554
161808384 0.55908727645874
161906688 0.551271736621857
162004992 0.547466576099396
162103296 0.532780766487122
162201600 0.552680909633636
162299904 0.570177972316742
162398208 0.559702575206757
162496512 0.555018723011017
162594816 0.543375134468079
162693120 0.559648215770721
162791424 0.554983079433441
162889728 0.52281379699707
162988032 0.543799638748169
163086336 0.548334538936615
163184640 0.547582805156708
163282944 0.546606600284576
163381248 0.539608538150787
163479552 0.550437390804291
163577856 0.521405637264252
163676160 0.55252993106842
163774464 0.527671456336975
163872768 0.549751400947571
163971072 0.539808690547943
164069376 0.524726986885071
164167680 0.544062852859497
164265984 0.551810085773468
164364288 0.52810800075531
164462592 0.522299706935883
164560896 0.514314413070679
164659200 0.538651347160339
164757504 0.522933661937714
164855808 0.519627511501312
164954112 0.518851220607758
165052416 0.537895262241364
165150720 0.534238755702972
165249024 0.528176248073578
165347328 0.539748013019562
165445632 0.529045104980469
165543936 0.519774854183197
165642240 0.537473678588867
165740544 0.533378720283508
165838848 0.539940655231476
165937152 0.5365931391716
166035456 0.531249940395355
166133760 0.514773547649384
166232064 0.525416314601898
166330368 0.542120277881622
166428672 0.530420660972595
166526976 0.511309802532196
166625280 0.518263757228851
166723584 0.530497670173645
166821888 0.512082040309906
166920192 0.531495571136475
167018496 0.526861131191254
167116800 0.527332901954651
167215104 0.540102005004883
167313408 0.521469295024872
167411712 0.523236393928528
167510016 0.512991547584534
167608320 0.514819860458374
167706624 0.5186767578125
167804928 0.524750947952271
167903232 0.510499179363251
168001536 0.514912068843842
168099840 0.501872003078461
168198144 0.518001079559326
168296448 0.504493892192841
168394752 0.50578635931015
168493056 0.516632199287415
168591360 0.511442482471466
168689664 0.519952118396759
168787968 0.520482122898102
168886272 0.523690819740295
168984576 0.50993949174881
169082880 0.499287575483322
169181184 0.492359966039658
169279488 0.486513048410416
169377792 0.496133625507355
169476096 0.493358671665192
169574400 0.506579577922821
169672704 0.510351538658142
169771008 0.494644939899445
169869312 0.507146060466766
169967616 0.489905655384064
170065920 0.516625940799713
170164224 0.495652675628662
170262528 0.516993999481201
170360832 0.504074692726135
170459136 0.500755071640015
170557440 0.493705421686172
170655744 0.499317556619644
170754048 0.506075203418732
170852352 0.49107900261879
170950656 0.490282028913498
171048960 0.498866319656372
171147264 0.484697252511978
171245568 0.497348785400391
171343872 0.504239976406097
171442176 0.477060526609421
171540480 0.496754616498947
171638784 0.477582931518555
171737088 0.498467296361923
171835392 0.486677378416061
171933696 0.489419668912888
172032000 0.479390770196915
172130304 0.495554834604263
172228608 0.49300342798233
172326912 0.462055206298828
172425216 0.496559530496597
172523520 0.485618203878403
172621824 0.489267110824585
172720128 0.48777762055397
172818432 0.501397132873535
172916736 0.490635216236115
173015040 0.480894654989243
173113344 0.486923426389694
173211648 0.495404809713364
173309952 0.506893277168274
173408256 0.459915459156036
173506560 0.501013875007629
173604864 0.492605119943619
173703168 0.480798780918121
173801472 0.481271356344223
173899776 0.487593740224838
173998080 0.490906685590744
174096384 0.4726203083992
174194688 0.481329739093781
174292992 0.482652962207794
174391296 0.479957342147827
174489600 0.481774419546127
174587904 0.47136053442955
174686208 0.47902899980545
174784512 0.466325134038925
174882816 0.464455842971802
174981120 0.465047568082809
175079424 0.471193224191666
175177728 0.476086229085922
175276032 0.458455950021744
175374336 0.461418718099594
175472640 0.449696272611618
175570944 0.464044183492661
175669248 0.462724894285202
175767552 0.451626777648926
175865856 0.466485261917114
175964160 0.457631915807724
176062464 0.467473804950714
176160768 0.469371050596237
176259072 0.467020988464355
176357376 0.460761785507202
176455680 0.45156455039978
176553984 0.467156141996384
176652288 0.45183140039444
176750592 0.458133697509766
176848896 0.455542892217636
176947200 0.463390499353409
177045504 0.471117943525314
177143808 0.445796698331833
177242112 0.450727045536041
177340416 0.461890667676926
177438720 0.438837140798569
177537024 0.460271507501602
177635328 0.456590473651886
177733632 0.458695322275162
177831936 0.449500411748886
177930240 0.474463194608688
178028544 0.462796688079834
178126848 0.464662700891495
178225152 0.456174045801163
178323456 0.469679206609726
178421760 0.44993582367897
178520064 0.447649210691452
178618368 0.444255352020264
178716672 0.448819637298584
178814976 0.44574436545372
178913280 0.457101881504059
179011584 0.443306267261505
179109888 0.441963016986847
179208192 0.433066755533218
179306496 0.438259184360504
179404800 0.448263555765152
179503104 0.449027836322784
179601408 0.447211980819702
179699712 0.443672180175781
179798016 0.460174322128296
179896320 0.45241990685463
179994624 0.452972412109375
180092928 0.445498138666153
180191232 0.452646553516388
180289536 0.468111664056778
180387840 0.445417404174805
180486144 0.444322496652603
180584448 0.456819355487823
180682752 0.44398233294487
180781056 0.436793714761734
180879360 0.443165928125381
180977664 0.438612669706345
181075968 0.449923187494278
181174272 0.440624386072159
181272576 0.445274919271469
181370880 0.434587389230728
181469184 0.44957834482193
181567488 0.437900364398956
181665792 0.446035772562027
181764096 0.43403896689415
181862400 0.421998649835587
181960704 0.424049377441406
182059008 0.426542818546295
182157312 0.422123193740845
182255616 0.434997469186783
182353920 0.437373846769333
182452224 0.409434229135513
182550528 0.440268903970718
182648832 0.427158087491989
182747136 0.435516804456711
182845440 0.431703716516495
182943744 0.427268028259277
183042048 0.419389396905899
183140352 0.416800498962402
183238656 0.418589502573013
183336960 0.420840591192245
183435264 0.417022794485092
183533568 0.416727989912033
183631872 0.429628193378448
183730176 0.41974288225174
183828480 0.417516618967056
183926784 0.416318625211716
184025088 0.413477569818497
184123392 0.401147454977036
184221696 0.416027933359146
184320000 0.41038390994072
184418304 0.422866076231003
184516608 0.411561012268066
184614912 0.424587726593018
184713216 0.420134633779526
184811520 0.414524704217911
184909824 0.405216991901398
185008128 0.414387136697769
185106432 0.440912693738937
185204736 0.405525982379913
185303040 0.42367497086525
185401344 0.421681851148605
185499648 0.408408463001251
185597952 0.412956446409225
185696256 0.401475191116333
185794560 0.411115378141403
185892864 0.409330606460571
185991168 0.402863740921021
186089472 0.412865936756134
186187776 0.411276787519455
186286080 0.411122888326645
186384384 0.403850167989731
186482688 0.412894934415817
186580992 0.394890755414963
186679296 0.389271229505539
186777600 0.405203253030777
186875904 0.381590098142624
186974208 0.398140579462051
187072512 0.388911694288254
187170816 0.386228233575821
187269120 0.390332520008087
187367424 0.391294568777084
187465728 0.398475021123886
187564032 0.389398843050003
187662336 0.406724184751511
187760640 0.378100782632828
187858944 0.404440879821777
187957248 0.396037071943283
188055552 0.396125823259354
188153856 0.411815166473389
188252160 0.394364446401596
188350464 0.401276916265488
188448768 0.399000346660614
188547072 0.399401396512985
188645376 0.395525932312012
188743680 0.39799365401268
188841984 0.400250643491745
188940288 0.388333171606064
189038592 0.403495401144028
189136896 0.389309614896774
189235200 0.397826671600342
189333504 0.398319810628891
189431808 0.383233308792114
189530112 0.395141780376434
189628416 0.390304386615753
189726720 0.387603491544724
189825024 0.390438437461853
189923328 0.369653761386871
190021632 0.371303230524063
190119936 0.365610927343369
190218240 0.381490558385849
190316544 0.358205437660217
190414848 0.37241467833519
190513152 0.373396128416061
190611456 0.35860750079155
190709760 0.373032420873642
190808064 0.360640376806259
190906368 0.376955598592758
191004672 0.36693462729454
191102976 0.368116110563278
191201280 0.371620744466782
191299584 0.393772929906845
191397888 0.389162749052048
191496192 0.362989395856857
191594496 0.384998381137848
191692800 0.369597643613815
191791104 0.381972074508667
191889408 0.37597930431366
191987712 0.3693807721138
192086016 0.378736317157745
192184320 0.362686455249786
192282624 0.373795360326767
192380928 0.368470102548599
192479232 0.370597928762436
192577536 0.373970597982407
192675840 0.376062721014023
192774144 0.378449767827988
192872448 0.352164298295975
192970752 0.361558616161346
193069056 0.371220022439957
193167360 0.358375638723373
193265664 0.35709410905838
193363968 0.353631466627121
193462272 0.369943857192993
193560576 0.363144248723984
193658880 0.373690128326416
193757184 0.355000704526901
193855488 0.347548872232437
193953792 0.36521977186203
194052096 0.347707480192184
194150400 0.359347194433212
194248704 0.349147737026215
194347008 0.356629997491837
194445312 0.371384650468826
194543616 0.361085414886475
194641920 0.367762893438339
194740224 0.344477862119675
194838528 0.361766159534454
194936832 0.358178466558456
195035136 0.359694749116898
195133440 0.362363368272781
195231744 0.366910874843597
195330048 0.389094889163971
195428352 0.378710806369781
195526656 0.387837558984756
195624960 0.376073837280273
195723264 0.380764901638031
195821568 0.378206938505173
195919872 0.37597331404686
196018176 0.389807432889938
196116480 0.378213971853256
196214784 0.371884286403656
196313088 0.364382714033127
196411392 0.36287459731102
196509696 0.359567046165466
